# Created by Octave 3.8.2, Fri Apr 15 18:47:44 2016 BST <yy12135@salties>
# name: Bfull
# type: matrix
# rows: 4
# columns: 1
 1.459267921606617
 0.9995175355929179
 -0.04775542956425483
 -0.0002641502883969915


# name: Bsub
# type: matrix
# rows: 2
# columns: 1
 1.415052996076932
 0.9997854975851441


# name: CritVal
# type: scalar
3.466800111542416


# name: D
# type: matrix
# rows: 30
# columns: 4
 81.97 81.816 0.2593994140625 0.1053994140625036
 82.43299999999999 82.45400000000001 0.48828125 0.509281250000015
 82.46600000000001 82.45400000000001 0.732421875 0.7204218749999995
 82.4325 82.45400000000001 0.9613037109375 0.9828037109375032
 82.42400000000001 82.45400000000001 1.220703125 1.250703125000001
 82.765 82.45400000000001 1.678466796875 1.367466796875007
 83.2045 82.45400000000001 2.1514892578125 1.400989257812512
 85.77500000000001 83.63000000000001 3.5858154296875 1.440815429687504
 86.95699999999999 83.63000000000001 4.7607421875 1.433742187500016
 88.22199999999999 83.63000000000001 5.9661865234375 1.374186523437515
 89.31 83.63000000000001 7.14111328125 1.461113281250007
 90.535 83.63000000000001 8.331298828125 1.426298828125013
 91.74299999999999 83.63000000000001 9.5062255859375 1.393225585937515
 94.1125 83.63000000000001 11.871337890625 1.388837890625013
 96.54600000000001 83.63000000000001 14.2822265625 1.366226562500003
 98.86499999999999 83.63000000000001 16.66259765625 1.427597656250015
 101.314 83.63000000000001 19.0277099609375 1.343709960937517
 103.549 83.63000000000001 21.4080810546875 1.489081054687503
 106.606 84.16800000000001 23.7884521484375 1.350452148437512
 118.999 84.806 35.675048828125 1.482048828125002
 130.967 84.806 47.54638671875 1.385386718750013
 142.828 84.806 59.417724609375 1.395724609374994
 154.6615 84.806 71.319580078125 1.464080078125008
 179.3825 84.806 95.977783203125 1.401283203125004
 203.026 84.806 119.68994140625 1.469941406249987
 226.92 84.806 143.463134765625 1.349134765624981
 250.675 84.806 167.236328125 1.367328124999986
 274.4195 84.806 190.97900390625 1.365503906250026
 299.069 84.806 215.63720703125 1.374207031249981
 323.388 85.34400000000001 239.3798828125 1.335882812500031


# name: Dh
# type: matrix
# rows: 11
# columns: 4
 118.999 84.806 35.675048828125 1.482048828125002
 130.967 84.806 47.54638671875 1.385386718750013
 142.828 84.806 59.417724609375 1.395724609374994
 154.6615 84.806 71.319580078125 1.464080078125008
 179.3825 84.806 95.977783203125 1.401283203125004
 203.026 84.806 119.68994140625 1.469941406249987
 226.92 84.806 143.463134765625 1.349134765624981
 250.675 84.806 167.236328125 1.367328124999986
 274.4195 84.806 190.97900390625 1.365503906250026
 299.069 84.806 215.63720703125 1.374207031249981
 323.388 85.34400000000001 239.3798828125 1.335882812500031


# name: Dh2
# type: matrix
# rows: 11
# columns: 5
 118.999 84.806 35.675048828125 1.482048828125002 0
 130.967 84.806 47.54638671875 1.385386718750013 0
 142.828 84.806 59.417724609375 1.395724609374994 0
 154.6615 84.806 71.319580078125 1.464080078125008 0
 179.3825 84.806 95.977783203125 1.401283203125004 0
 203.026 84.806 119.68994140625 1.469941406249987 0
 226.92 84.806 143.463134765625 1.349134765624981 0
 250.675 84.806 167.236328125 1.367328124999986 0
 274.4195 84.806 190.97900390625 1.365503906250026 0
 299.069 84.806 215.63720703125 1.374207031249981 0
 323.388 85.34400000000001 239.3798828125 1.335882812500031 0


# name: Dl
# type: matrix
# rows: 5
# columns: 4
 81.97 81.816 0.2593994140625 0.1053994140625036
 82.43299999999999 82.45400000000001 0.48828125 0.509281250000015
 82.46600000000001 82.45400000000001 0.732421875 0.7204218749999995
 82.4325 82.45400000000001 0.9613037109375 0.9828037109375032
 82.42400000000001 82.45400000000001 1.220703125 1.250703125000001


# name: Dm
# type: matrix
# rows: 14
# columns: 4
 82.765 82.45400000000001 1.678466796875 1.367466796875007
 83.2045 82.45400000000001 2.1514892578125 1.400989257812512
 85.77500000000001 83.63000000000001 3.5858154296875 1.440815429687504
 86.95699999999999 83.63000000000001 4.7607421875 1.433742187500016
 88.22199999999999 83.63000000000001 5.9661865234375 1.374186523437515
 89.31 83.63000000000001 7.14111328125 1.461113281250007
 90.535 83.63000000000001 8.331298828125 1.426298828125013
 91.74299999999999 83.63000000000001 9.5062255859375 1.393225585937515
 94.1125 83.63000000000001 11.871337890625 1.388837890625013
 96.54600000000001 83.63000000000001 14.2822265625 1.366226562500003
 98.86499999999999 83.63000000000001 16.66259765625 1.427597656250015
 101.314 83.63000000000001 19.0277099609375 1.343709960937517
 103.549 83.63000000000001 21.4080810546875 1.489081054687503
 106.606 84.16800000000001 23.7884521484375 1.350452148437512


# name: Dm2
# type: matrix
# rows: 14
# columns: 5
 82.765 82.45400000000001 1.678466796875 1.367466796875007 1
 83.2045 82.45400000000001 2.1514892578125 1.400989257812512 1
 85.77500000000001 83.63000000000001 3.5858154296875 1.440815429687504 1
 86.95699999999999 83.63000000000001 4.7607421875 1.433742187500016 1
 88.22199999999999 83.63000000000001 5.9661865234375 1.374186523437515 1
 89.31 83.63000000000001 7.14111328125 1.461113281250007 1
 90.535 83.63000000000001 8.331298828125 1.426298828125013 1
 91.74299999999999 83.63000000000001 9.5062255859375 1.393225585937515 1
 94.1125 83.63000000000001 11.871337890625 1.388837890625013 1
 96.54600000000001 83.63000000000001 14.2822265625 1.366226562500003 1
 98.86499999999999 83.63000000000001 16.66259765625 1.427597656250015 1
 101.314 83.63000000000001 19.0277099609375 1.343709960937517 1
 103.549 83.63000000000001 21.4080810546875 1.489081054687503 1
 106.606 84.16800000000001 23.7884521484375 1.350452148437512 1


# name: Dmh
# type: matrix
# rows: 25
# columns: 5
 82.765 82.45400000000001 1.678466796875 1.367466796875007 1
 83.2045 82.45400000000001 2.1514892578125 1.400989257812512 1
 85.77500000000001 83.63000000000001 3.5858154296875 1.440815429687504 1
 86.95699999999999 83.63000000000001 4.7607421875 1.433742187500016 1
 88.22199999999999 83.63000000000001 5.9661865234375 1.374186523437515 1
 89.31 83.63000000000001 7.14111328125 1.461113281250007 1
 90.535 83.63000000000001 8.331298828125 1.426298828125013 1
 91.74299999999999 83.63000000000001 9.5062255859375 1.393225585937515 1
 94.1125 83.63000000000001 11.871337890625 1.388837890625013 1
 96.54600000000001 83.63000000000001 14.2822265625 1.366226562500003 1
 98.86499999999999 83.63000000000001 16.66259765625 1.427597656250015 1
 101.314 83.63000000000001 19.0277099609375 1.343709960937517 1
 103.549 83.63000000000001 21.4080810546875 1.489081054687503 1
 106.606 84.16800000000001 23.7884521484375 1.350452148437512 1
 118.999 84.806 35.675048828125 1.482048828125002 0
 130.967 84.806 47.54638671875 1.385386718750013 0
 142.828 84.806 59.417724609375 1.395724609374994 0
 154.6615 84.806 71.319580078125 1.464080078125008 0
 179.3825 84.806 95.977783203125 1.401283203125004 0
 203.026 84.806 119.68994140625 1.469941406249987 0
 226.92 84.806 143.463134765625 1.349134765624981 0
 250.675 84.806 167.236328125 1.367328124999986 0
 274.4195 84.806 190.97900390625 1.365503906250026 0
 299.069 84.806 215.63720703125 1.374207031249981 0
 323.388 85.34400000000001 239.3798828125 1.335882812500031 0


# name: E
# type: matrix
# rows: 5
# columns: 1
 0.1053994140625036
 0.509281250000015
 0.7204218749999995
 0.9828037109375032
 1.250703125000001


# name: ETA
# type: matrix
# rows: 11
# columns: 1
 34.193
 46.16100000000002
 58.02200000000001
 69.85549999999999
 94.5765
 118.22
 142.114
 165.869
 189.6135
 214.263
 238.044


# name: Fstat
# type: scalar
-1.683005265170873


# name: Rfull
# type: matrix
# rows: 25
# columns: 1
 -0.04381349799706125
 -0.009962899900893607
 0.030904426166944
 0.02471368254951223
 -0.03389751392320672
 0.05384156067796564
 0.01994171055493332
 -0.0122296210804258
 -0.0148482128719909
 -0.03564265413555034
 0.02745983909327521
 -0.05459939682999249
 0.09244038076439054
 -0.04430780306768867
 0.03927781198974145
 -0.05161016336131752
 -0.03554976240390317
 0.03851494890730578
 -0.01235492348521916
 0.06771042684860618
 -0.04156820923353166
 -0.01191390786834745
 -0.002282250504407557
 0.01831338089797896
 -0.008537351787140324


# name: Rsub
# type: matrix
# rows: 25
# columns: 1
 -0.04751948895090496
 -0.01390275420207132
 0.02622254129043755
 0.01940284095730949
 -0.03988147755039861
 0.04727865888945626
 0.01272697122266031
 -0.02008715204769196
 -0.02396658388819262
 -0.04605592038665129
 0.01581260446341304
 -0.06754977443510768
 0.07830073221208522
 -0.059787842454881
 0.07433031311924054
 -0.01976463135478213
 -0.00688252758716601
 0.06401125548903508
 0.006517094686685709
 0.08024688565731708
 -0.03543443426707427
 -0.01214557002722927
 -0.008876536187699458
 0.005113966087321842
 -0.02810917073495034


# name: SSRESfull
# type: scalar
0.03788855332010765


# name: SSRESsub
# type: scalar
0.04396156615129323


# name: STATSfull
# type: matrix
# rows: 1
# columns: 4
 0.9999997137880489 24457392.40079749 0 0.001804216824767031


# name: STATSsub
# type: matrix
# rows: 1
# columns: 4
 0.9999996679122184 69258773.2473959 0 0.001911372441360575


# name: TA
# type: matrix
# rows: 11
# columns: 1
 35.675048828125
 47.54638671875
 59.417724609375
 71.319580078125
 95.977783203125
 119.68994140625
 143.463134765625
 167.236328125
 190.97900390625
 215.63720703125
 239.3798828125


# name: TP
# type: matrix
# rows: 30
# columns: 1
 81.816
 82.45400000000001
 82.45400000000001
 82.45400000000001
 82.45400000000001
 82.45400000000001
 82.45400000000001
 83.63000000000001
 83.63000000000001
 83.63000000000001
 83.63000000000001
 83.63000000000001
 83.63000000000001
 83.63000000000001
 83.63000000000001
 83.63000000000001
 83.63000000000001
 83.63000000000001
 84.16800000000001
 84.806
 84.806
 84.806
 84.806
 84.806
 84.806
 84.806
 84.806
 84.806
 84.806
 85.34400000000001


# name: TR
# type: matrix
# rows: 30
# columns: 1
 81.97
 82.43299999999999
 82.46600000000001
 82.4325
 82.42400000000001
 82.765
 83.2045
 85.77500000000001
 86.95699999999999
 88.22199999999999
 89.31
 90.535
 91.74299999999999
 94.1125
 96.54600000000001
 98.86499999999999
 101.314
 103.549
 106.606
 118.999
 130.967
 142.828
 154.6615
 179.3825
 203.026
 226.92
 250.675
 274.4195
 299.069
 323.388


# name: Xfull
# type: matrix
# rows: 25
# columns: 4
 1 0.3109999999999928 1 0.3109999999999928
 1 0.7504999999999882 1 0.7504999999999882
 1 2.144999999999996 1 2.144999999999996
 1 3.326999999999984 1 3.326999999999984
 1 4.591999999999985 1 4.591999999999985
 1 5.679999999999993 1 5.679999999999993
 1 6.904999999999987 1 6.904999999999987
 1 8.112999999999985 1 8.112999999999985
 1 10.48249999999999 1 10.48249999999999
 1 12.916 1 12.916
 1 15.23499999999999 1 15.23499999999999
 1 17.68399999999998 1 17.68399999999998
 1 19.919 1 19.919
 1 22.43799999999999 1 22.43799999999999
 1 34.193 0 0
 1 46.16100000000002 0 0
 1 58.02200000000001 0 0
 1 69.85549999999999 0 0
 1 94.5765 0 0
 1 118.22 0 0
 1 142.114 0 0
 1 165.869 0 0
 1 189.6135 0 0
 1 214.263 0 0
 1 238.044 0 0


# name: Xsub
# type: matrix
# rows: 25
# columns: 2
 1 0.3109999999999928
 1 0.7504999999999882
 1 2.144999999999996
 1 3.326999999999984
 1 4.591999999999985
 1 5.679999999999993
 1 6.904999999999987
 1 8.112999999999985
 1 10.48249999999999
 1 12.916
 1 15.23499999999999
 1 17.68399999999998
 1 19.919
 1 22.43799999999999
 1 34.193
 1 46.16100000000002
 1 58.02200000000001
 1 69.85549999999999
 1 94.5765
 1 118.22
 1 142.114
 1 165.869
 1 189.6135
 1 214.263
 1 238.044


# name: Y
# type: matrix
# rows: 25
# columns: 1
 1.678466796875
 2.1514892578125
 3.5858154296875
 4.7607421875
 5.9661865234375
 7.14111328125
 8.331298828125
 9.5062255859375
 11.871337890625
 14.2822265625
 16.66259765625
 19.0277099609375
 21.4080810546875
 23.7884521484375
 35.675048828125
 47.54638671875
 59.417724609375
 71.319580078125
 95.977783203125
 119.68994140625
 143.463134765625
 167.236328125
 190.97900390625
 215.63720703125
 239.3798828125


# name: a
# type: matrix
# rows: 2
# columns: 1
 1.459267921606695
 0.9995175355929172


# name: ans
# type: scalar
5.117355029199224


# name: b
# type: matrix
# rows: 2
# columns: 2
 1.402713184899774 1.515822658313617
 0.9991182704395394 0.9999168007462951


# name: c
# type: matrix
# rows: 11
# columns: 1
 0.03927781198968461
 -0.05161016336136015
 -0.03554976240394581
 0.03851494890727736
 -0.01235492348523337
 0.06771042684862039
 -0.04156820923350324
 -0.01191390786829061
 -0.002282250504379135
 0.01831338089806422
 -0.00853735178708348


# name: d
# type: matrix
# rows: 11
# columns: 2
 -0.0360389482208243 0.1145945722001935
 -0.1245358922691394 0.0213155655464191
 -0.1163098153227434 0.04521029051485179
 -0.04296697897409585 0.1199968767886506
 -0.1010489520147894 0.07633910504432267
 -0.0043048008324931 0.1397256545297339
 -0.1250316089227947 0.04189519045578825
 -0.09983698691826741 0.07600917118168619
 -0.08810534257987948 0.08354084157112121
 -0.06212854028902622 0.09875530208515466
 -0.08451658948850838 0.06744188591434142


# name: df1
# type: scalar
2


# name: df2
# type: scalar
21


# name: e
# type: matrix
# rows: 1
# columns: 4
 0.9999997193669479 32070340.26720119 0 0.001552691177103553


# name: vl0_5ms
# type: matrix
# rows: 1
# columns: 140
 80.82599999999999 80.348 82.577 82.624 82.325 82.477 82.63 82.73999999999999 82.48099999999999 82.226 82.41500000000001 82.33499999999999 82.402 82.536 82.489 82.36499999999999 82.491 82.333 82.56100000000001 82.633 82.483 82.381 82.35599999999999 82.15300000000001 82.458 82.437 83.151 82.319 82.48 82.58799999999999 82.477 82.229 82.745 82.654 82.741 82.288 82.352 82.489 82.486 81.68600000000001 82.583 82.34399999999999 82.464 82.30800000000001 82.544 82.91200000000001 82.79900000000001 82.33499999999999 82.904 82.375 82.32299999999999 82.501 82.361 82.33199999999999 82.294 82.499 82.26000000000001 82.417 82.616 82.994 82.40300000000001 82.396 82.298 82.351 82.57599999999999 82.03 82.575 82.39100000000001 82.273 82.36799999999999 82.119 82.849 82.465 82.327 82.312 82.447 82.431 82.42700000000001 82.27200000000001 82.396 82.45999999999999 82.47799999999999 82.23999999999999 82.684 82.208 82.377 82.325 82.536 82.239 82.371 82.256 82.678 82.267 82.28 82.242 82.413 82.66 82.354 82.52500000000001 82.245 82.455 82.443 82.181 82.495 82.26000000000001 82.009 82.654 81.95399999999999 82.581 82.32899999999999 82.39700000000001 82.542 82.18300000000001 82.395 83.053 82.496 82.143 82.925 82.506 82.571 82.60299999999999 82.699 82.75 82.502 82.39 82.783 82.435 82.36199999999999 82.274 82.35599999999999 82.479 82.559 82.488 82.492 82.82299999999999 82.467 82.593 82.557 82.102 82.23699999999999


# name: vl0_7ms
# type: matrix
# rows: 1
# columns: 132
 83.069 82.40300000000001 82.746 82.956 82.42700000000001 82.505 82.85899999999999 82.036 82.36 82.322 82.55500000000001 82.623 82.486 82.081 82.64100000000001 82.81 82.545 82.48999999999999 82.61799999999999 82.551 82.574 82.488 82.155 82.631 82.167 82.468 82.55200000000001 82.899 82.42700000000001 82.43300000000001 82.078 82.425 82.253 82.636 82.44799999999999 82.498 83.024 82.768 82.422 82.25 82.679 82.404 82.373 82.505 82.438 82.468 82.31999999999999 83.03 82.495 82.327 82.669 82.18000000000001 82.697 82.724 82.345 82.426 82.599 83.009 82.575 82.24299999999999 82.464 82.126 82.258 82.184 82.66 82.215 81.98699999999999 82.163 82.441 82.625 82.553 82.34099999999999 82.631 82.292 82.27800000000001 82.64100000000001 82.636 82.504 82.58799999999999 82.374 82.48 82.446 82.706 82.524 82.227 82.35299999999999 252.764 82.741 82.509 82.364 82.291 82.21299999999999 82.093 82.30200000000001 82.58499999999999 82.622 82.28400000000001 83.03400000000001 82.241 82.54000000000001 82.798 82.209 82.367 82.64400000000001 82.709 82.96899999999999 82.364 82.434 82.22499999999999 82.706 82.648 82.535 82.602 82.044 82.27500000000001 82.229 82.628 82.443 82.182 82.874 82.304 82.452 82.23099999999999 82.369 82.217 82.61499999999999 82.988 82.559 82.379 82.223 82.28400000000001 82.268


# name: vl119_7ms
# type: matrix
# rows: 1
# columns: 124
 80.244 80.249 202.912 203.289 203.402 202.976 203.028 203.119 202.934 203.025 203.137 203.266 203.048 202.946 202.833 203.02 202.743 203.855 202.94 202.754 202.88 203.007 202.965 203.031 203.413 202.775 203.022 203.457 203.085 379.998 503.112 203.42 202.937 202.767 203.088 202.809 203.042 203.021 203.42 203.064 203.285 504.374 203.019 202.913 203.004 202.825 203.232 202.873 202.967 203.008 202.983 202.932 202.91 203.039 203.445 203.109 203.269 203.112 202.972 203.058 203.209 202.872 202.91 203.121 203.208 203.246 202.767 203.063 202.984 202.815 202.835 203.513 203.02 203.027 203.009 202.823 202.935 203.031 202.966 202.823 203.049 203.202 203.341 202.896 202.892 202.938 378.275 203.054 203.005 202.833 202.867 203.152 202.794 203.542 203.697 203.086 202.834 202.998 202.938 203.109 203.104 203.189 203.093 502.881 203.159 203.208 203.004 203.245 202.726 202.929 202.911 203.153 203.182 202.95 203.116 203.211 202.703 203.116 202.931 202.857 203.234 203.119 203.105 203.047


# name: vl11_9ms
# type: matrix
# rows: 1
# columns: 122
 94.018 94.392 94.59699999999999 94.511 94.077 94.072 94.139 94.178 94.244 94.02800000000001 94.128 94.04000000000001 93.955 94.31999999999999 94.063 94.532 94.22499999999999 94.06999999999999 94.255 94.26900000000001 94.167 94.15900000000001 94.069 93.965 93.914 94.012 94.31399999999999 94.151 94.15000000000001 95.087 94.471 94.01300000000001 93.93000000000001 94.345 94.20399999999999 94.03400000000001 93.90600000000001 93.834 94.134 94.08499999999999 94.07599999999999 94.301 94.032 94.29600000000001 94.02 93.89700000000001 93.875 94.023 94.03700000000001 94.336 94.209 94.19199999999999 94.181 94.14400000000001 93.92400000000001 94.375 94.113 94.026 93.90000000000001 377.833 94.208 93.98 94.249 94.22199999999999 94.533 94.357 93.986 94.21599999999999 94.14700000000001 94.059 94.214 94.2 94.05500000000001 94.312 94.20399999999999 94.09999999999999 94.048 94.04600000000001 94.82599999999999 94.04000000000001 93.83799999999999 94.459 94.425 94.10899999999999 94.09699999999999 94.31699999999999 94.08 93.889 94.089 94.163 93.889 93.98699999999999 93.95999999999999 94.274 93.895 93.992 94.101 94.11199999999999 94.169 94.08799999999999 94.417 94.36799999999999 94.172 93.90900000000001 94.16800000000001 94.241 94.224 94.146 93.889 94.161 94.056 94.651 93.822 94.211 93.98 94.077 94.069 93.813 94.017 93.982 94.765 93.82599999999999


# name: vl143_5ms
# type: matrix
# rows: 1
# columns: 118
 226.862 227.169 227.08 226.919 226.969 226.839 379.903 227.122 226.893 226.782 226.967 227.198 226.678 227.227 226.957 226.781 226.859 503.379 226.944 226.666 226.582 226.771 226.834 227.391 226.846 379.183 227.281 226.879 226.839 226.811 226.851 227.061 226.856 226.861 226.787 227.122 226.636 227.102 227.019 226.722 226.921 226.999 226.665 227.325 226.783 227.194 227.312 226.93 227.016 226.811 502.948 226.969 226.804 226.99 227.227 226.916 226.913 227.472 226.954 226.924 226.668 226.768 226.93 227.155 226.68 226.69 226.677 227.16 226.767 226.852 226.753 226.762 226.868 226.692 226.768 226.613 226.738 226.753 226.848 226.908 226.866 226.988 227.282 227.453 227.136 227.19 226.655 226.836 227.029 226.689 504.208 226.852 226.923 226.991 226.854 226.985 227.031 227.31 226.849 227.087 226.752 226.809 226.778 227.47 226.617 227.356 226.921 227.61 226.861 226.809 227.216 226.996 226.665 227.172 226.961 227.923 227.019 227.587


# name: vl14_3ms
# type: matrix
# rows: 1
# columns: 113
 80.163 81.994 96.352 96.545 96.569 96.417 96.648 96.956 96.52500000000001 96.815 96.352 96.687 96.294 96.72199999999999 96.489 96.407 96.283 96.608 96.33799999999999 96.489 96.467 97.06699999999999 96.489 97.05800000000001 96.54600000000001 96.744 96.54000000000001 96.464 96.38200000000001 96.681 96.36199999999999 96.592 96.86799999999999 96.565 96.089 96.60599999999999 97.676 96.57299999999999 96.76900000000001 96.503 96.512 96.658 96.554 96.56699999999999 95.94199999999999 97.06999999999999 96.345 96.92100000000001 96.51000000000001 96.58199999999999 96.453 379.616 96.315 96.622 96.361 96.461 96.462 96.27500000000001 96.386 96.60599999999999 96.54600000000001 378.104 96.28400000000001 96.45399999999999 96.458 96.283 96.298 96.601 96.345 96.54000000000001 96.35599999999999 96.376 96.676 96.372 96.286 96.371 96.497 96.455 379.554 96.67 96.904 96.645 253.366 97.011 96.749 96.526 97.04300000000001 96.605 96.25 96.642 96.774 96.268 96.503 96.57599999999999 96.34399999999999 96.595 97.003 96.71299999999999 96.373 96.663 97.006 96.224 96.48699999999999 96.28 96.747 96.45099999999999 96.64100000000001 96.679 96.563 254.023 96.819 96.58499999999999 96.714


# name: vl167_2ms
# type: matrix
# rows: 1
# columns: 121
 79.99299999999999 80.358 250.609 250.863 503.876 250.829 250.698 251.19 250.675 250.609 251.472 250.587 250.948 251.034 259.816 250.51 251.036 250.631 250.905 250.608 250.716 251.575 250.822 250.776 250.718 126.022 250.61 250.7 250.649 250.698 250.604 250.506 250.537 251.307 250.627 250.626 504.15 250.456 250.576 250.674 250.423 250.639 250.782 250.725 250.928 250.481 250.751 501.827 250.69 250.647 250.588 250.669 250.61 251.094 505.136 250.671 250.665 250.972 503.912 250.546 250.915 250.924 250.364 250.843 251.061 251.044 250.683 250.484 250.577 250.657 250.878 250.59 250.638 250.495 250.35 250.973 250.703 250.667 250.859 250.896 250.756 250.475 250.674 250.789 250.952 250.257 250.774 250.738 503.098 250.515 503.118 250.653 250.62 250.744 250.664 250.467 250.699 250.567 250.447 250.766 250.741 250.396 250.674 250.89 250.483 250.643 250.49 250.866 506.072 250.592 250.52 250.72 250.355 250.497 250.57 250.88 250.686 250.526 250.66 251.115 250.725


# name: vl16_7ms
# type: matrix
# rows: 1
# columns: 107
 80.06699999999999 80.64700000000001 98.554 99.372 98.687 98.967 98.80800000000001 98.628 98.93300000000001 98.955 98.762 99.27500000000001 98.831 98.639 99.07299999999999 99.35899999999999 99.176 98.82899999999999 99.44199999999999 377.771 98.64400000000001 98.95 98.85899999999999 98.85599999999999 98.717 98.667 98.896 98.861 98.76600000000001 98.765 99.06100000000001 98.845 98.90900000000001 98.92400000000001 379.541 98.878 98.958 379.749 98.917 99.087 98.752 99.128 98.968 98.946 380.245 98.834 98.73399999999999 98.916 98.883 98.79300000000001 98.643 98.97799999999999 98.943 98.715 98.98 98.813 98.881 98.946 99.39100000000001 98.93000000000001 98.767 98.855 99.038 376.734 98.63500000000001 98.68000000000001 98.655 98.855 98.74299999999999 98.76600000000001 98.795 378.553 98.85899999999999 98.845 98.803 98.812 98.876 98.86499999999999 98.748 98.751 98.73099999999999 99.687 98.93300000000001 98.69499999999999 98.916 98.834 98.863 99.03100000000001 98.82899999999999 98.887 98.86499999999999 99.455 98.907 98.92700000000001 99.411 98.672 98.746 98.777 98.82899999999999 99.30200000000001 99.187 98.925 99.01300000000001 98.587 98.666 98.88200000000001 98.955


# name: vl191_0ms
# type: matrix
# rows: 1
# columns: 124
 80.78700000000001 274.504 274.641 274.538 274.408 274.371 274.312 274.277 273.989 274.646 274.196 274.405 274.192 274.242 45.557 274.253 274.391 274.122 274.576 274.299 503.155 274.344 274.534 274.466 274.346 274.359 274.558 274.486 274.627 274.517 274.36 504.32 274.363 274.165 274.562 274.538 274.846 274.479 274.155 274.498 274.465 274.409 503.448 274.643 274.715 274.422 274.871 274.094 274.774 274.268 274.579 274.153 274.159 274.24 274.152 274.229 501.149 274.268 274.681 274.776 274.246 274.429 274.507 274.382 274.366 274.708 274.658 274.266 274.353 274.328 274.24 273.952 274.864 274.853 274.733 274.353 274.831 274.494 274.198 274.727 274.335 274.081 274.184 274.687 274.551 274.453 274.474 274.963 274.716 274.257 274.602 274.469 274.277 274.199 502.942 274.686 274.525 274.291 274.137 274.183 274.198 274.463 274.364 274.397 274.606 274.354 506.124 274.348 274.638 274.647 274.684 274.376 503.327 274.975 503.733 274.294 274.934 274.417 274.153 274.533 274.298 504.256 274.105 273.834


# name: vl19_0ms
# type: matrix
# rows: 1
# columns: 110
 80.15600000000001 101.376 101.572 101.031 101.53 379.82 101.393 101.23 101.547 101.124 101.099 100.959 101.106 101.547 101.216 101.383 101.142 101.398 101.522 102.34 101.346 101.195 101.579 101.103 101.211 101.06 101.173 101.14 101.419 253.722 101 101.095 101.286 101.603 101.578 101.567 101.849 101.431 101.358 101.509 101.082 101.268 101.243 101.298 101.177 101.378 379.548 101.303 101.017 101.786 101.015 101.475 101.386 101.199 101.504 101.12 101.293 101.596 101.541 101.479 101.132 101.172 101.344 101.458 101.43 101.653 101.506 101.584 101.491 101.116 101.103 101.277 101.189 101.08 101.207 101.622 101.249 101.323 101.469 101.34 101.102 101.312 505.27 101.178 101.302 101.26 101.055 101.145 101.063 101.327 101.051 101.346 101.51 101.482 101.063 101.556 101.045 100.915 377.369 101.316 101.263 101.29 101.082 101.414 101.453 101.242 101.044 101.428 101.511 101.369


# name: vl1_0ms
# type: matrix
# rows: 1
# columns: 112
 80.33499999999999 80.20399999999999 80.616 82.02800000000001 82.294 82.39100000000001 83.062 82.39700000000001 83.00700000000001 82.372 82.32599999999999 82.404 82.514 82.562 82.86199999999999 82.696 82.444 82.349 82.23699999999999 82.321 82.788 82.621 82.673 82.30500000000001 82.20099999999999 82.43899999999999 82.337 82.48099999999999 82.46899999999999 82.099 379.065 82.146 82.77200000000001 82.19 82.34699999999999 82.556 82.496 82.128 82.416 82.642 82.274 82.524 82.313 82.46599999999999 82.393 82.721 82.18300000000001 82.68899999999999 82.158 82.151 82.29600000000001 82.508 82.639 82.599 82.861 82.515 82.036 82.301 82.818 82.155 82.5 82.518 82.694 378.382 82.30800000000001 253.48 82.651 82.361 82.461 82.452 82.661 82.502 82.991 82.828 82.63500000000001 82.20699999999999 82.87 82.176 82.428 82.40900000000001 82.554 82.892 82.379 82.437 82.334 82.303 82.268 82.509 82.39100000000001 82.42100000000001 82.30200000000001 82.932 82.48099999999999 82.337 82.407 82.514 82.458 82.38800000000001 82.53700000000001 82.35599999999999 82.8 82.15300000000001 82.91800000000001 82.42700000000001 82.37 82.46299999999999 82.238 82.386 82.837 82.375 82.283 82.51900000000001


# name: vl1_2ms
# type: matrix
# rows: 1
# columns: 109
 79.81699999999999 80.361 80.116 82.575 82.39 82.664 82.417 82.246 82.26600000000001 82.64 82.44799999999999 82.614 82.483 82.426 82.22199999999999 82.346 82.51000000000001 82.53 82.447 82.449 82.40300000000001 82.506 82.571 82.188 82.402 82.285 253.287 82.61799999999999 82.607 82.458 82.95699999999999 82.42 82.64400000000001 82.479 82.42700000000001 82.139 82.318 82.217 82.517 82.36199999999999 82.526 82.361 82.351 82.342 82.884 82.55500000000001 82.19199999999999 82.35599999999999 82.678 82.542 82.36499999999999 82.22799999999999 82.367 82.425 82.42700000000001 82.898 82.577 82.691 82.22799999999999 82.63200000000001 82.20999999999999 82.117 82.27500000000001 82.20099999999999 82.464 82.699 82.58799999999999 82.438 82.416 82.937 82.536 82.351 82.247 82.521 82.26000000000001 82.53 82.96899999999999 82.205 82.119 82.5 82.157 82.306 82.417 82.602 82.36 82.44499999999999 82.419 82.325 82.43600000000001 82.83 82.44199999999999 82.419 82.818 82.187 82.387 82.42400000000001 82.39700000000001 82.242 82.396 82.206 82.57599999999999 82.55 82.179 82.27 82.488 82.10899999999999 82.452 82.306 82.504


# name: vl1_7ms
# type: matrix
# rows: 1
# columns: 121
 80.236 80.273 80.786 83.099 83.116 82.71299999999999 82.754 82.461 82.871 83.06100000000001 82.66800000000001 82.861 82.504 82.535 82.95099999999999 82.99299999999999 82.901 82.744 82.818 83.039 83.008 82.67100000000001 82.64100000000001 82.771 82.574 82.68600000000001 82.617 82.87 82.416 82.765 82.938 82.629 82.541 82.565 82.93300000000001 83.331 83.358 82.542 82.73 83.07899999999999 82.679 84.712 82.60299999999999 82.85299999999999 82.669 82.752 82.758 82.569 82.626 82.754 82.346 83.09999999999999 82.663 82.649 82.521 83.09399999999999 82.989 82.714 82.87 83.30200000000001 82.496 82.68000000000001 82.786 82.556 82.77200000000001 82.81 82.628 82.785 82.73 82.866 82.471 82.70999999999999 83.495 83.32299999999999 82.617 82.696 82.85299999999999 82.90000000000001 82.628 83.113 82.63500000000001 82.791 82.71299999999999 82.64400000000001 82.758 82.79300000000001 82.815 82.82299999999999 82.93600000000001 82.563 82.60299999999999 82.60599999999999 82.876 82.675 83.19 82.58799999999999 83.157 82.827 82.80500000000001 82.577 83.188 82.774 82.762 82.741 82.843 82.566 254.974 82.724 82.887 83.13500000000001 82.73699999999999 82.854 82.93600000000001 82.843 82.72 82.833 82.93899999999999 82.82299999999999 82.794 83.304 82.967


# name: vl215_6ms
# type: matrix
# rows: 1
# columns: 85
 80.10599999999999 298.789 298.974 299.578 298.981 298.867 299.078 502.807 298.979 299.275 298.964 299.77 503.719 299.252 299.073 298.917 299.435 299.123 298.913 298.75 299.281 298.878 299.599 299.083 628.83 299.237 298.694 299.272 298.995 299.005 503.06 299.117 298.855 299.124 299.027 299.056 298.946 298.831 298.652 299.077 131.797 340.208 136.964 341.97 9.459 298.691 299.114 299.151 298.98 299.258 505.137 299.167 298.981 298.911 299.069 299.028 299.361 299.022 298.964 299.144 299.303 298.637 298.726 299.812 298.786 298.828 299.252 299.223 503.843 299.011 299.184 298.752 299.176 630.87 298.965 298.757 298.843 299.128 298.85 298.874 299.125 299.319 298.875 299.359 299.107


# name: vl21_4ms
# type: matrix
# rows: 1
# columns: 141
 103.553 103.687 103.653 103.483 103.49 103.708 103.39 103.762 103.493 380.049 103.4 103.341 103.51 103.429 103.702 103.485 103.911 103.549 103.491 103.569 379.029 103.511 379.149 103.761 103.434 103.356 103.683 103.535 103.533 103.479 103.46 103.753 103.554 103.643 103.377 103.534 254.874 103.467 103.424 103.77 104.107 103.59 103.704 103.442 103.79 103.437 103.69 103.579 103.546 103.786 103.798 103.62 103.749 103.638 103.64 103.787 103.833 103.456 103.713 379.467 103.461 103.755 103.839 103.749 103.883 104.292 103.415 103.499 103.457 103.451 103.499 103.43 103.653 103.623 103.553 103.643 103.518 103.718 103.652 103.616 103.711 103.715 103.371 103.706 103.591 103.713 103.339 103.452 103.628 377.747 103.462 103.477 103.24 103.493 103.682 103.488 103.492 103.965 103.569 103.514 103.931 103.335 104.118 103.39 104.096 103.573 103.51 103.381 103.339 103.475 103.374 103.394 103.549 103.966 103.493 103.488 103.466 103.259 377.912 103.778 103.375 103.966 103.512 103.425 103.447 103.341 103.403 103.54 103.352 104.109 103.364 103.324 251.545 103.316 103.197 103.826 103.223 103.7 378.33 103.351 103.394


# name: vl239_4ms
# type: matrix
# rows: 1
# columns: 123
 323.628 323.103 323.71 501.548 323.856 323.374 323.629 323.142 323.905 323.499 323.157 323.442 323.058 323.761 323.307 323.308 323.41 323.273 323.365 323.334 323.543 323.502 323.405 323.513 323.37 323.446 323.497 323.497 629.89 323.426 323.388 323.512 502.109 323.401 323.465 323.344 323.272 323.364 503.478 323.328 323.607 323.48 322.992 324.068 323.529 323.761 504.788 323.222 323.38 323.41 323.497 323.652 323.361 323.306 324.063 323.202 627.732 323.417 323.296 504.684 323.277 323.639 323.365 323.19 323.619 323.308 323.248 323.201 323.366 323.4 323.165 323.11 323.168 323.479 323.716 323.385 323.28 323.262 323.367 323.482 323.193 323.102 323.52 323.127 323.82 323.266 323.363 323.258 323.265 323.195 322.968 323.236 323.237 323.863 323.37 323.53 323.345 323.173 323.277 323.482 323.313 323.423 323.507 323.919 323.01 323.31 323.662 323.335 323.471 630.747 323.307 323.613 323.257 323.319 323.873 502.03 323.408 323.299 323.497 322.896 323.471 323.155 323.697


# name: vl23_8ms
# type: matrix
# rows: 1
# columns: 125
 80.26900000000001 80.31399999999999 106.455 106.854 106.553 106.952 252.732 106.532 106.541 379.542 106.383 106.553 106.934 106.485 106.829 106.502 106.578 106.672 106.425 106.749 107.612 106.449 106.613 106.652 106.585 106.809 107.052 106.575 106.64 106.405 106.904 106.574 106.548 107.023 106.464 106.62 107.609 106.543 106.442 106.873 106.681 106.617 106.481 106.483 107.121 107.116 106.554 106.504 106.607 106.597 106.627 106.775 106.344 106.646 106.866 106.688 106.943 106.437 106.792 106.49 106.38 106.833 106.775 106.845 106.438 106.718 106.94 106.53 106.251 106.811 107.197 107.067 106.622 106.649 106.58 106.606 106.445 106.57 106.347 106.281 106.688 107.014 378.396 106.494 106.637 106.574 106.458 106.679 106.56 106.671 106.432 106.436 106.48 106.611 107.025 106.668 106.419 106.641 106.63 106.601 106.493 378.024 106.568 106.519 106.901 106.645 106.53 106.359 106.515 106.807 106.877 106.583 106.592 106.647 106.481 107.26 106.576 106.569 106.601 106.342 106.302 106.944 106.909 106.53 107.147


# name: vl2_2ms
# type: matrix
# rows: 1
# columns: 126
 83.35299999999999 83.276 83.133 83.202 83.11199999999999 83.27500000000001 83.11799999999999 83.002 83.63800000000001 82.94199999999999 82.87 83.732 83.773 83.051 83.831 83.121 83.313 83.23 83.236 83.01300000000001 83.328 83.193 83.399 83.19199999999999 83.164 83.235 83.337 83.277 83.03100000000001 83.185 83.158 83.259 83.282 83.10299999999999 83.334 82.997 83.667 83.163 83.297 83.203 83.124 83.203 83.28100000000001 83.259 83.551 83.273 83.27500000000001 83.236 83.17400000000001 83.43300000000001 83.2 83.20999999999999 83.629 83.40000000000001 83.194 83.319 83.06699999999999 83.20099999999999 82.88800000000001 82.979 83.29300000000001 83.355 83.06 83.172 83.53400000000001 85.43600000000001 83.277 376.927 83.179 83.122 83.313 83.45099999999999 83.22499999999999 83.217 83.16800000000001 83.92 83.20099999999999 82.977 83.34699999999999 83.10599999999999 83.2 83.208 83.169 83.446 83.178 83.25 83.188 83.37 83.05200000000001 83.348 83.264 83.52800000000001 83.021 82.845 83.282 83.283 82.971 83.443 83.667 82.985 83.129 83.191 83.14 83.087 83.149 83.38500000000001 82.96299999999999 83.321 83.068 83.178 83.206 83.145 83.164 83.19799999999999 83.071 83.28400000000001 83.404 83.182 83.587 83.18600000000001 82.91500000000001 83.98999999999999 83.127 83.261 83.35299999999999 82.92700000000001


# name: vl35_7ms
# type: matrix
# rows: 1
# columns: 123
 79.926 118.96 378.649 119.303 119.055 118.95 118.887 118.969 119.116 119.344 378.082 118.949 119.172 119.57 118.831 118.911 119.077 118.785 118.967 118.865 119.333 118.901 118.945 118.933 119.137 118.961 119.083 119.418 119.093 119.086 118.842 119.754 119.374 118.908 119.015 118.881 119.412 118.928 118.878 119.174 118.777 119 118.974 118.995 118.939 119.018 118.914 118.789 119.042 118.992 378.631 118.963 119.632 119.003 118.864 118.957 119.265 118.913 119.032 119.791 119.25 118.927 119.026 118.693 119.031 119.113 119.139 118.892 118.891 118.948 119.195 119.215 380.944 119.308 118.901 378.715 118.84 118.784 380.241 119.077 118.978 119.53 119.205 118.927 119.474 119.532 378.261 118.786 119.011 118.999 119.015 118.852 118.856 118.963 118.897 119.07 119.075 119.098 118.89 119.024 118.974 119.013 119.082 118.826 119.132 119.112 118.871 118.956 118.881 118.881 118.844 118.69 118.988 118.902 119.124 118.864 119.065 118.855 118.867 119.411 118.869 630.64 119.372


# name: vl3_6ms
# type: matrix
# rows: 1
# columns: 127
 85.913 85.73099999999999 85.691 85.83499999999999 85.672 85.69499999999999 85.694 85.608 85.96599999999999 85.70099999999999 85.562 85.675 85.67100000000001 85.98099999999999 85.77500000000001 86.184 85.712 85.614 85.714 85.634 85.65000000000001 85.789 85.723 85.56100000000001 85.64400000000001 85.684 85.79300000000001 86.21899999999999 85.80500000000001 85.687 85.812 86.069 85.706 85.801 86.027 86.086 85.97 86.236 85.61499999999999 85.721 86.423 85.982 85.822 85.70999999999999 86.021 85.55800000000001 85.81 85.97799999999999 86.206 85.619 85.68899999999999 85.512 85.69199999999999 86.07299999999999 253.715 85.877 85.898 85.904 85.645 85.77 85.85299999999999 85.72 85.70399999999999 85.81 85.60899999999999 86.077 85.473 86.261 86.02200000000001 379.779 85.52 85.867 86.033 86.068 379.828 85.77200000000001 85.69799999999999 85.937 85.649 85.59 85.824 85.54600000000001 85.83199999999999 85.598 85.735 85.819 85.708 252.315 85.70999999999999 85.877 85.605 85.845 85.515 85.846 85.47499999999999 85.496 85.739 86.15600000000001 85.678 85.655 85.68600000000001 86.136 85.77200000000001 85.869 85.78400000000001 85.738 85.81399999999999 85.804 85.88200000000001 379.369 85.742 85.684 86.074 85.818 85.70099999999999 85.80200000000001 85.879 86.742 85.681 86.23699999999999 85.682 85.71599999999999 85.673 85.81100000000001 85.854 85.67400000000001 85.837


# name: vl47_5ms
# type: matrix
# rows: 1
# columns: 150
 130.969 130.817 131.229 131.298 130.735 380.897 131.09 131.001 130.926 130.856 131.505 131.364 131.32 130.859 130.9 130.886 131.31 130.744 130.825 131.118 130.861 131.893 380.065 130.836 131.332 131.094 130.95 130.851 130.851 131.258 130.817 131.345 130.868 131.071 131.335 131.119 130.965 131.383 377.481 130.901 130.74 378.557 131.185 130.93 130.998 131.212 378.072 131.103 131.45 131.017 131.114 130.917 131.103 130.853 130.99 131.066 376.879 130.708 130.96 131.078 131.13 131.116 130.832 131.29 131.169 254.944 130.865 130.814 131.13 130.691 130.766 130.999 131.446 130.906 131.049 130.936 130.905 131.303 131.089 130.925 130.95 131.56 130.816 131.258 131.001 130.796 131.33 131.191 130.933 130.787 130.885 131.563 130.727 380.044 218.961 156.907 130.996 45.165 131.125 131.529 130.839 130.852 131.324 82.527 376.692 130.862 130.795 130.867 130.923 130.892 377.436 130.798 130.867 131.022 378.246 130.979 130.853 130.631 131.239 131.175 130.96 130.764 130.861 131.037 130.713 130.77 130.836 130.728 130.8 130.865 130.834 130.851 131.067 130.816 130.471 131.301 130.838 130.984 131.118 130.683 130.881 130.537 131.151 130.908 130.769 131.397 130.775 130.689 130.814 131.591


# name: vl4_8ms
# type: matrix
# rows: 1
# columns: 111
 87.06999999999999 86.943 86.871 86.86199999999999 87.11499999999999 87.06399999999999 86.95699999999999 87.13200000000001 86.902 86.995 86.977 87.01300000000001 86.944 87.14100000000001 86.899 87.63 87.023 87.497 86.953 86.848 86.846 87.336 87.19 146.158 86.67700000000001 86.956 86.97199999999999 87.098 87.532 87.035 86.798 86.886 87.435 86.976 86.82599999999999 86.932 86.812 86.89 86.872 86.89 87.05500000000001 86.797 87.239 86.88 86.819 86.742 87.04900000000001 86.983 86.761 86.98 86.992 86.755 86.83799999999999 86.73699999999999 86.712 86.905 86.708 86.79000000000001 86.84 86.80500000000001 86.78400000000001 86.899 86.855 87.117 86.95999999999999 86.90900000000001 86.598 87.04300000000001 251.9 87.065 86.892 86.889 86.95 87.045 251.749 86.998 86.96299999999999 87.21299999999999 87.131 86.931 86.892 86.77 86.95999999999999 86.916 86.97 86.926 86.892 87.02 87.239 86.88200000000001 86.80200000000001 87.012 87.027 86.95099999999999 86.849 86.962 86.917 87.35299999999999 87.01300000000001 87.452 86.879 87.044 86.69799999999999 86.852 87.02 86.976 86.968 87.004 380.969 86.992 86.962


# name: vl59_4ms
# type: matrix
# rows: 1
# columns: 100
 142.967 143.089 142.868 142.436 378.874 142.915 142.944 142.615 142.513 142.839 143.185 142.957 142.967 142.496 143.013 142.418 142.609 142.819 142.768 142.622 142.753 142.791 142.869 378.114 142.743 142.906 143.091 142.842 142.739 142.659 142.82 143.322 142.652 142.77 142.461 142.864 142.744 142.658 142.787 232.033 143.002 142.629 142.915 142.867 142.798 142.975 142.579 142.643 142.503 143.014 143.08 142.781 142.8 381.079 143.157 142.734 142.987 142.703 142.912 142.678 142.76 142.848 142.886 143.582 142.849 142.828 142.883 142.982 142.828 142.725 142.777 142.793 142.653 377.81 142.906 143.233 142.844 142.498 142.748 379.601 142.942 142.878 142.716 143.054 142.711 379.04 142.466 142.758 142.756 143.439 142.878 142.652 143.113 142.855 142.696 142.822 142.688 142.424 142.654 379.785


# name: vl6_0ms
# type: matrix
# rows: 1
# columns: 121
 88.342 88.318 88.02800000000001 88.383 87.87 88.211 87.925 88.233 88.312 88.363 88.233 88.57299999999999 87.961 88.54000000000001 88.295 87.94 87.97 87.736 87.985 88.27800000000001 88.059 255.246 88.14100000000001 88.169 88.22499999999999 88.404 88.712 88.322 88.244 88.325 88.22199999999999 88.684 88.089 88.705 503.313 88.187 88.121 88.499 87.99299999999999 88.34099999999999 88.059 88.13200000000001 88.324 377.62 88.28 87.98 88.343 88.279 88.205 88.176 88.01000000000001 376.905 88.14100000000001 88.008 88.10599999999999 87.931 88.64400000000001 88.271 88.386 88.124 88.379 88.113 88.786 89.11199999999999 88.092 88.709 88.15000000000001 88.14700000000001 87.986 88.078 88.449 88.593 88.23699999999999 88.78700000000001 88.28400000000001 88.76000000000001 87.806 88.255 88.46599999999999 88.004 88.309 88.17 87.95099999999999 88.27500000000001 95.367 88.283 88.19499999999999 88.182 88.208 87.97799999999999 88.31699999999999 88.37 88.254 88.121 88.322 88.003 88.17700000000001 377.769 88.212 88.15300000000001 88.202 88.297 88.10899999999999 88.10599999999999 88.30500000000001 88.352 88.357 88.319 88.10899999999999 87.974 87.989 88.167 88.02200000000001 88.20699999999999 87.85299999999999 88.227 88.33199999999999 87.878 87.98099999999999 88.15600000000001 88.078


# name: vl71_3ms
# type: matrix
# rows: 1
# columns: 118
 80.408 80.205 154.645 154.52 154.717 154.53 154.568 154.662 154.658 154.964 154.542 154.749 154.684 154.638 154.72 154.604 155.022 154.74 154.866 154.543 154.516 154.562 154.558 155.06 377.13 154.716 154.741 155.164 154.476 154.684 154.479 154.614 154.473 154.718 154.841 155.107 380.738 154.819 154.494 154.531 154.702 502.281 155.021 155.301 154.975 154.936 154.904 376.651 154.562 154.617 154.714 154.507 154.637 154.505 154.803 154.893 154.476 154.674 154.281 154.452 154.698 154.632 154.414 154.631 154.417 154.517 154.598 154.663 154.762 154.605 154.67 154.665 154.475 154.527 154.582 154.54 378.461 154.544 154.566 154.819 154.672 154.804 154.33 154.474 154.748 154.689 154.725 154.792 154.5 154.671 154.651 154.654 154.83 154.803 154.562 154.879 154.592 155.313 154.53 154.617 154.366 154.418 154.671 154.825 154.567 154.803 154.661 154.546 503.594 378.315 154.495 155.173 154.789 154.801 154.564 154.681 154.529 154.65


# name: vl7_1ms
# type: matrix
# rows: 1
# columns: 130
 80.178 89.251 89.465 89.34 89.31100000000001 89.39700000000001 89.55500000000001 89.202 253.721 89.535 89.33 88.94199999999999 89.895 89.851 89.348 89.10299999999999 89.31 89.355 89.45999999999999 89.27800000000001 90.61499999999999 89.474 89.36199999999999 89.152 253.779 89.09399999999999 89.086 90.033 89.161 89.18899999999999 89.761 89.581 89.321 89.03100000000001 89.28700000000001 89.97 89.36499999999999 89.248 89.23999999999999 89.015 89.08499999999999 89.56399999999999 89.355 89.324 89.34399999999999 89.392 89.34399999999999 89.387 89.453 89.375 89.741 89.48399999999999 89.267 89.251 89.26300000000001 89.447 89.03 89.5 89.474 89.33499999999999 89.059 89.441 87.431 89.464 89.315 89.637 89.129 88.94499999999999 89.295 89.51000000000001 89.464 89.31 89.265 89.223 89.265 89.20999999999999 89.276 89.154 89.386 88.982 89.19 89.11 89.504 89.456 89.09699999999999 89.173 89.50700000000001 89.752 89.20999999999999 89.467 378.164 88.949 89.54300000000001 88.97799999999999 89.252 89.32599999999999 89.27200000000001 89.268 89.075 89.54300000000001 89.10599999999999 89.246 89.714 89.056 89.04600000000001 89.187 89.29000000000001 89.226 89.485 89.276 89.065 89.28100000000001 89.345 89.35899999999999 89.30500000000001 378.354 89.476 89.2 89.289 89.435 89.212 89.182 89.26000000000001 89.392 89.125 89.199 89.176 89.349 89.13500000000001 380.148


# name: vl8_3ms
# type: matrix
# rows: 1
# columns: 115
 80.21899999999999 90.642 90.98 90.526 90.116 90.354 90.345 90.405 90.419 90.291 90.328 90.364 90.288 90.458 91.041 90.31 90.554 90.47 254.234 90.997 90.36499999999999 90.453 90.922 90.595 90.45999999999999 90.32299999999999 90.54900000000001 90.541 90.334 90.50700000000001 90.64400000000001 90.56399999999999 90.90900000000001 90.28700000000001 90.556 90.59 90.614 90.574 90.84399999999999 90.214 90.447 91.04600000000001 90.642 91.038 94.518 90.38 90.877 90.96599999999999 90.535 90.455 90.54300000000001 90.559 90.89 255.363 90.83199999999999 90.349 90.985 90.65600000000001 91.029 90.327 90.54900000000001 380.963 253.902 90.461 90.48699999999999 90.623 90.322 90.562 90.42100000000001 90.703 90.53400000000001 90.268 255.808 380.118 90.509 90.31699999999999 90.40600000000001 380.778 90.836 91.242 90.471 90.88200000000001 90.827 90.48 90.288 90.13800000000001 90.636 90.26900000000001 90.82299999999999 90.41200000000001 90.471 90.914 90.31399999999999 90.514 379.86 90.352 629.902 90.53400000000001 90.465 90.488 90.932 90.437 90.25 90.437 378.335 377.07 90.84699999999999 90.28400000000001 90.462 90.271 90.72199999999999 90.477 90.73699999999999 90.738 90.46599999999999


# name: vl8_5ms
# type: matrix
# rows: 1
# columns: 117
 82.042 81.959 82.11199999999999 81.89 81.846 81.86499999999999 82.611 81.895 82.023 81.95399999999999 82.02 81.78 81.804 82.3 81.857 81.81999999999999 81.866 81.91500000000001 82.218 81.795 81.818 255.561 82.31399999999999 82.41800000000001 81.76300000000001 82.119 81.866 82.083 81.858 82.12 81.94499999999999 82.58199999999999 82.062 81.96899999999999 82.002 81.84999999999999 82.14400000000001 81.965 81.85599999999999 81.76600000000001 81.729 81.86799999999999 82.053 81.798 82.104 82.712 81.925 82.05800000000001 81.934 82.009 82.063 82.036 81.789 81.979 81.922 81.834 81.899 81.825 81.959 82.169 82.039 82.086 81.922 82.14400000000001 81.997 82.026 81.84399999999999 82.04600000000001 82.553 81.902 81.819 81.82899999999999 81.79000000000001 81.926 81.77500000000001 82.063 252.865 378.857 81.898 81.895 81.82899999999999 82.04000000000001 81.97 82.07899999999999 82.277 81.839 81.937 82.039 81.739 81.98699999999999 81.96299999999999 82.15000000000001 81.71899999999999 81.881 82.267 82.04000000000001 81.81699999999999 82.242 81.806 253.105 82.062 82.14400000000001 81.871 82.008 81.97799999999999 81.977 82.13800000000001 81.98999999999999 81.8 82.02800000000001 82.494 81.831 82.01300000000001 81.82299999999999 82.004 82.363 81.759


# name: vl96_0ms
# type: matrix
# rows: 1
# columns: 172
 179.607 179.303 179.3 179.264 179.437 179.343 179.214 179.369 179.692 179.358 179.317 179.256 179.316 179.387 179.058 179.899 179.369 178.986 179.384 179.612 179.194 378.52 179.169 179.416 179.274 179.294 179.573 179.737 179.121 179.286 179.08 179.28 179.648 179.143 179.513 179.27 179.004 179.732 179.04 179.157 179.061 179.646 179.399 179.084 179.153 179.277 179.274 179.496 179.547 179.396 179.574 179.695 179.607 179.242 200.504 179.268 179.161 179.889 179.853 179.582 179.296 179.492 179.602 179.672 179.378 179.196 179.277 179.612 179.389 179.22 179.209 179.839 377.638 179.168 179.414 179.375 179.231 179.979 179.536 179.885 752.018 378.183 179.229 179.355 179.073 179.795 179.701 179.701 179.297 179.155 179.486 179.329 179.653 380.066 377.316 179.643 179.225 179 179.704 179.15 179.435 179.49 179.198 179.696 179.351 179.787 179.708 179.231 179.495 179.322 179.362 179.688 179.174 178.945 179.563 179.602 179.214 179.349 504.156 179.065 504.842 179.215 179.429 179.534 179.382 179.323 179.312 179.683 179.385 179.604 504.525 179.535 179.418 179.16 179.161 179.712 179.295 179.702 179.184 179.528 179.338 179.54 182.995 179.064 179.431 179.673 179.286 179.22 179.421 379.159 179.187 179.494 179.567 179.383 179.2 179.31 179.092 179.208 380.111 503.525 179.256 179.115 503.849 179.085 179.307 179.26 179.615 381.186 179.394 179.366 179.451 179.202


# name: vl9_5ms
# type: matrix
# rows: 1
# columns: 127
 91.72199999999999 91.89100000000001 92.07599999999999 92.197 91.60899999999999 379.374 91.70999999999999 91.553 91.60599999999999 91.553 91.486 91.73399999999999 91.542 91.83 91.333 91.74299999999999 91.86499999999999 91.639 91.96299999999999 378.015 91.562 91.755 91.535 91.568 91.985 91.614 91.71899999999999 91.408 91.51600000000001 91.991 91.48 379.32 91.699 91.83199999999999 252.202 91.587 92.575 91.75 91.664 91.369 91.63500000000001 91.79600000000001 91.41 91.57899999999999 91.47 91.456 91.67 91.642 91.602 91.56999999999999 91.914 91.90000000000001 91.82899999999999 92.068 97.012 91.76900000000001 91.786 91.788 91.86199999999999 91.754 91.702 91.54000000000001 91.666 91.983 379.474 91.89100000000001 91.79000000000001 92.17400000000001 91.86 91.895 91.50700000000001 91.61499999999999 91.67400000000001 251.374 91.944 91.78100000000001 91.652 91.836 92.01300000000001 91.37 253.22 91.63 91.74299999999999 91.66 91.739 91.80200000000001 92.015 91.401 91.623 91.907 91.904 91.709 91.449 91.902 91.81 91.794 91.857 91.57599999999999 91.636 91.724 91.569 91.742 91.666 91.92400000000001 91.71599999999999 91.85599999999999 91.735 92.047 91.988 91.776 91.67 92.29000000000001 91.629 91.825 92.358 91.759 91.886 91.8 91.804 91.774 91.474 91.586 91.393 91.682 91.767 91.729 91.742


