# Created by Octave 3.8.2, Thu Mar 31 18:09:17 2016 BST <yy12135@salties>
# name: ans
# type: scalar
23.41410088216335


# name: cc2538_sw_rnd100
# type: matrix
# rows: 100
# columns: 1
 1961
 1960
 1960
 1959
 1960
 1960
 1959
 1960
 1958
 1961
 1960
 1961
 1960
 1959
 1963
 1961
 1961
 1960
 1961
 1960
 1960
 1960
 1960
 1960
 1960
 1961
 1960
 1960
 1960
 1959
 1961
 1961
 1960
 1959
 1960
 1959
 1960
 1961
 1959
 1960
 1959
 1961
 1958
 1959
 1959
 1961
 1961
 1960
 1959
 1960
 1960
 1960
 1961
 1960
 1961
 1961
 1960
 1960
 1960
 1960
 1961
 1959
 1960
 1960
 1961
 1959
 1960
 1960
 1960
 1961
 1959
 1959
 1962
 1959
 1961
 1959
 1961
 1961
 1960
 1960
 1959
 1961
 1960
 1960
 1960
 1961
 1961
 1960
 1959
 1960
 1960
 1961
 1960
 1959
 1959
 1960
 1960
 1959
 1960
 1958


# name: cc2538_sw_rnd150
# type: matrix
# rows: 100
# columns: 1
 2940
 2941
 2940
 2939
 2939
 2939
 2940
 2942
 2941
 2941
 2938
 2939
 2941
 2940
 2942
 2940
 2939
 2938
 2938
 2940
 2938
 2940
 2941
 2941
 2942
 2939
 2941
 2939
 2939
 2940
 2939
 2938
 2941
 2941
 2941
 2943
 2938
 2940
 2942
 2942
 2940
 2942
 2940
 2940
 2939
 2942
 2940
 2940
 2942
 2938
 2942
 2940
 2941
 2940
 2940
 2940
 2941
 2941
 2942
 2940
 2939
 2940
 2939
 2941
 2940
 2940
 2939
 2941
 2940
 2940
 2941
 2940
 2940
 2940
 2938
 2940
 2939
 2941
 2942
 2940
 2940
 2941
 2941
 2940
 2943
 2940
 2942
 2941
 2940
 2942
 2939
 2940
 2939
 2939
 2941
 2942
 2940
 2939
 2941
 2940


# name: cc2538_sw_rnd200
# type: matrix
# rows: 100
# columns: 1
 3738
 3736
 3738
 3737
 3736
 3738
 3753
 3734
 3736
 3749
 3753
 3753
 3749
 3753
 3735
 3752
 3751
 3748
 3750
 3752
 3735
 3750
 3749
 3750
 3753
 3751
 3750
 3751
 3750
 3736
 3736
 3751
 3751
 3750
 3751
 3736
 3751
 3750
 3749
 3751
 3750
 3734
 3751
 3750
 3749
 3751
 3749
 3751
 3749
 3753
 3751
 3736
 3751
 3750
 3750
 3751
 3751
 3750
 3751
 3752
 3736
 3749
 3749
 3749
 3749
 3749
 3750
 3749
 3749
 3751
 3749
 3751
 3751
 3750
 3751
 3749
 3751
 3751
 3750
 3736
 3735
 3750
 3734
 3749
 3750
 3749
 3750
 3752
 3751
 3752
 3749
 3751
 3751
 3749
 3750
 3751
 3751
 3750
 3749
 3750


# name: cc2538_sw_rnd50
# type: matrix
# rows: 100
# columns: 1
 980
 980
 980
 980
 980
 980
 980
 980
 980
 980
 980
 980
 981
 981
 979
 980
 980
 980
 979
 981
 981
 980
 981
 980
 980
 981
 981
 979
 979
 980
 980
 980
 979
 981
 980
 980
 980
 979
 981
 980
 980
 980
 980
 981
 980
 980
 980
 979
 980
 980
 980
 979
 980
 981
 980
 980
 980
 981
 980
 980
 979
 980
 980
 980
 979
 980
 980
 980
 979
 979
 980
 980
 980
 979
 980
 980
 980
 979
 979
 980
 981
 980
 980
 980
 980
 980
 980
 979
 980
 980
 980
 981
 979
 980
 980
 980
 980
 979
 980
 980


# name: n
# type: matrix
# rows: 1
# columns: 4
 50 100 150 200


# name: t
# type: matrix
# rows: 1
# columns: 4
 979.96 1960.03 2940.22 3747.64


# name: telosb_hw_rnd100
# type: matrix
# rows: 100
# columns: 1
 1268
 1270
 1268
 1268
 1269
 1268
 1268
 1270
 1269
 1268
 1269
 1268
 1267
 1269
 1268
 1268
 1269
 1268
 1268
 1270
 1268
 1267
 1269
 1268
 1268
 1270
 1268
 1268
 1269
 1268
 1268
 1270
 1268
 1268
 1269
 1269
 1268
 1269
 1268
 1268
 1270
 1268
 1268
 1269
 1268
 1268
 1270
 1268
 1268
 1270
 1268
 1268
 1270
 1268
 1268
 1269
 1268
 1268
 1270
 1268
 1268
 1269
 1268
 1268
 1270
 1268
 1268
 1269
 1268
 1268
 1270
 1268
 1268
 1269
 1268
 1268
 1270
 1268
 1268
 1269
 1268
 1268
 1269
 1267
 1268
 1270
 1267
 1268
 1269
 1268
 1268
 1270
 1268
 1268
 1270
 1267
 1268
 1269
 1268
 1268


# name: telosb_hw_rnd150
# type: matrix
# rows: 100
# columns: 1
 1901
 1903
 1901
 1901
 1902
 1901
 1901
 1903
 1901
 1900
 1902
 1901
 1901
 1902
 1901
 1900
 1902
 1901
 1900
 1902
 1901
 1900
 1902
 1900
 1900
 1902
 1901
 1901
 1902
 1900
 1900
 1902
 1901
 1901
 1902
 1901
 1901
 1902
 1901
 1900
 1902
 1901
 1900
 1903
 1901
 1901
 1902
 1901
 1900
 1903
 1900
 1901
 1903
 1901
 1900
 1902
 1901
 1900
 1903
 1901
 1901
 1902
 1901
 1900
 1903
 1902
 1901
 1902
 1901
 1900
 1903
 1900
 1901
 1903
 1900
 1900
 1903
 1900
 1900
 1902
 1901
 1900
 1902
 1901
 1901
 1914
 1900
 1900
 1902
 1901
 1901
 1903
 1901
 1901
 1903
 1900
 1900
 1902
 1901
 1900


# name: telosb_hw_rnd200
# type: matrix
# rows: 100
# columns: 1
 2562
 2566
 2565
 2563
 2566
 2564
 2563
 2566
 2565
 2564
 2566
 2565
 2564
 2566
 2565
 2564
 2567
 2565
 2563
 2565
 2564
 2564
 2566
 2564
 2563
 2541
 2565
 2563
 2566
 2565
 2563
 2566
 2565
 2563
 2565
 2563
 2563
 2565
 2564
 2563
 2565
 2563
 2562
 2565
 2564
 2563
 2565
 2563
 2562
 2565
 2564
 2563
 2565
 2564
 2563
 2565
 2564
 2561
 2565
 2564
 2563
 2566
 2563
 2562
 2565
 2564
 2562
 2564
 2564
 2562
 2565
 2563
 2562
 2565
 2562
 2562
 2565
 2563
 2561
 2565
 2563
 2562
 2564
 2562
 2562
 2538
 2562
 2562
 2564
 2563
 2562
 2565
 2563
 2562
 2565
 2563
 2562
 2563
 2562
 2561


# name: telosb_hw_rnd50
# type: matrix
# rows: 100
# columns: 1
 633
 633
 633
 633
 633
 633
 633
 634
 633
 633
 633
 633
 633
 633
 633
 633
 634
 633
 632
 633
 633
 633
 634
 633
 633
 634
 633
 633
 634
 633
 633
 633
 633
 633
 633
 632
 633
 633
 633
 633
 633
 633
 633
 633
 633
 633
 634
 633
 633
 633
 633
 633
 634
 633
 633
 633
 633
 633
 634
 633
 633
 634
 633
 633
 634
 633
 632
 633
 633
 633
 633
 633
 633
 633
 632
 633
 633
 633
 633
 633
 633
 633
 633
 632
 633
 633
 632
 632
 633
 632
 633
 633
 633
 633
 633
 632
 633
 633
 633
 632


# name: telosb_sw_rnd100
# type: matrix
# rows: 100
# columns: 1
 9133
 9122
 9134
 9116
 9130
 9108
 9127
 9129
 9124
 9137
 9102
 9111
 9131
 9113
 9115
 9123
 9130
 9142
 9104
 9107
 9128
 9124
 9113
 9118
 9131
 9135
 9125
 9110
 9123
 9122
 9117
 9140
 9108
 9137
 9097
 9132
 9131
 9129
 9131
 9123
 9157
 9142
 9116
 9143
 9135
 9119
 9116
 9132
 9120
 9116
 9131
 9133
 9123
 9111
 9117
 9126
 9089
 9124
 9122
 9108
 9120
 9132
 9121
 9113
 9120
 9127
 9123
 9146
 9121
 9130
 9126
 9138
 9117
 9106
 9128
 9130
 9106
 9134
 9126
 9132
 9112
 9140
 9130
 9142
 9127
 9102
 9112
 9127
 9134
 9129
 9150
 9163
 9158
 9164
 9137
 9198
 9187
 9147
 9179
 9158


# name: telosb_sw_rnd150
# type: matrix
# rows: 100
# columns: 1
 13702
 13682
 13700
 13675
 13693
 13662
 13690
 13693
 13687
 13709
 13654
 13667
 13699
 13669
 13672
 13686
 13693
 13715
 13656
 13658
 13692
 13686
 13668
 13677
 13699
 13701
 13687
 13666
 13684
 13683
 13677
 13712
 13662
 13710
 13644
 13698
 13700
 13694
 13698
 13687
 13738
 13715
 13661
 13718
 13706
 13681
 13673
 13697
 13681
 13674
 13698
 13704
 13683
 13667
 13676
 13689
 13637
 13689
 13684
 13662
 13734
 13752
 13735
 13725
 13732
 13746
 13740
 13772
 13736
 13749
 13742
 13761
 13730
 13712
 13747
 13750
 13712
 13757
 13746
 13754
 13722
 13766
 13748
 13768
 13746
 13708
 13722
 13746
 13753
 13747
 13730
 13748
 13742
 13750
 13705
 13746
 13735
 13723
 13772
 13740


# name: telosb_sw_rnd200
# type: matrix
# rows: 100
# columns: 1
 18274
 18250
 18275
 18240
 18263
 18221
 18261
 18264
 18255
 18281
 18210
 18228
 18268
 18230
 18277
 18254
 18263
 18330
 18215
 18217
 18263
 18253
 18230
 18242
 18267
 18296
 18255
 18228
 18251
 18249
 18240
 18285
 18223
 18282
 18197
 18270
 18269
 18265
 18270
 18256
 18322
 18291
 18222
 18326
 18276
 18249
 18237
 18270
 18249
 18239
 18271
 18276
 18252
 18230
 18243
 18259
 18191
 18256
 18251
 18224
 18250
 18273
 18251
 18236
 18246
 18264
 18255
 18299
 18250
 18269
 18284
 18283
 18242
 18217
 18263
 18269
 18218
 18277
 18261
 18271
 18229
 18289
 18264
 18290
 18261
 18238
 18266
 18261
 18271
 18263
 18242
 18265
 18256
 18268
 18211
 18261
 18247
 18229
 18296
 18254


# name: telosb_sw_rnd50
# type: matrix
# rows: 100
# columns: 1
 4567
 4563
 4568
 4559
 4566
 4555
 4564
 4566
 4563
 4568
 4553
 4557
 4565
 4558
 4558
 4561
 4565
 4570
 4551
 4553
 4564
 4560
 4557
 4558
 4565
 4568
 4562
 4554
 4562
 4560
 4574
 4586
 4570
 4583
 4564
 4582
 4580
 4581
 4581
 4576
 4594
 4586
 4568
 4588
 4583
 4575
 4574
 4580
 4574
 4573
 4581
 4581
 4577
 4571
 4572
 4578
 4561
 4576
 4577
 4569
 4574
 4582
 4575
 4571
 4576
 4579
 4576
 4588
 4575
 4579
 4578
 4584
 4572
 4568
 4579
 4579
 4569
 4583
 4577
 4582
 4571
 4585
 4580
 4586
 4578
 4568
 4570
 4604
 4582
 4579
 4556
 4564
 4560
 4563
 4550
 4563
 4558
 4556
 4571
 4560


# name: tvla_cc2538_sw_fix
# type: matrix
# rows: 1000
# columns: 1
 3751
 3750
 3750
 3753
 3749
 3749
 3735
 3750
 3735
 3750
 3751
 3751
 3750
 3752
 3751
 3750
 3750
 3750
 3749
 3748
 3752
 3752
 3750
 3750
 3750
 3750
 3751
 3752
 3751
 3750
 3750
 3751
 3750
 3750
 3752
 3749
 3750
 3748
 3750
 3752
 3749
 3748
 3749
 3752
 3751
 3751
 3751
 3749
 3751
 3748
 3752
 3750
 3748
 3733
 3750
 3752
 3752
 3750
 3750
 3751
 3750
 3752
 3753
 3750
 3748
 3750
 3750
 3748
 3751
 3751
 3749
 3752
 3750
 3750
 3750
 3751
 3749
 3750
 3750
 3750
 3752
 3750
 3750
 3749
 3752
 3748
 3750
 3752
 3750
 3750
 3751
 3751
 3751
 3750
 3750
 3750
 3751
 3750
 3751
 3749
 3750
 3750
 3747
 3749
 3750
 3748
 3750
 3748
 3750
 3752
 3750
 3747
 3753
 3750
 3751
 3751
 3752
 3751
 3749
 3751
 3750
 3750
 3750
 3752
 3748
 3752
 3749
 3749
 3750
 3749
 3750
 3749
 3751
 3750
 3748
 3751
 3751
 3751
 3751
 3750
 3751
 3751
 3751
 3749
 3749
 3749
 3750
 3751
 3749
 3749
 3752
 3749
 3751
 3749
 3752
 3749
 3749
 3750
 3751
 3750
 3751
 3751
 3752
 3749
 3751
 3755
 3749
 3752
 3749
 3749
 3752
 3752
 3751
 3749
 3751
 3751
 3750
 3749
 3751
 3749
 3750
 3752
 3750
 3753
 3751
 3750
 3751
 3752
 3750
 3752
 3751
 3750
 3749
 3750
 3751
 3750
 3750
 3749
 3751
 3748
 3750
 3749
 3751
 3750
 3752
 3750
 3749
 3748
 3749
 3751
 3748
 3751
 3751
 3751
 3750
 3748
 3748
 3748
 3750
 3751
 3749
 3751
 3748
 3750
 3750
 3752
 3752
 3751
 3749
 3752
 3748
 3749
 3748
 3749
 3750
 3749
 3751
 3751
 3750
 3751
 3751
 3751
 3750
 3753
 3750
 3754
 3750
 3748
 3750
 3751
 3750
 3750
 3749
 3750
 3750
 3750
 3748
 3750
 3751
 3754
 3751
 3749
 3750
 3749
 3748
 3749
 3752
 3751
 3750
 3751
 3749
 3748
 3751
 3751
 3748
 3750
 3749
 3749
 3751
 3754
 3747
 3751
 3751
 3754
 3751
 3751
 3749
 3752
 3751
 3749
 3749
 3751
 3750
 3751
 3752
 3749
 3749
 3750
 3755
 3749
 3752
 3752
 3750
 3752
 3751
 3749
 3751
 3753
 3749
 3749
 3749
 3751
 3750
 3750
 3751
 3751
 3750
 3748
 3750
 3753
 3750
 3751
 3749
 3749
 3751
 3750
 3751
 3750
 3749
 3750
 3749
 3751
 3749
 3748
 3751
 3751
 3751
 3751
 3750
 3750
 3752
 3751
 3752
 3750
 3751
 3753
 3748
 3753
 3751
 3749
 3750
 3749
 3752
 3748
 3748
 3750
 3752
 3750
 3751
 3752
 3749
 3749
 3751
 3751
 3751
 3752
 3750
 3752
 3748
 3750
 3750
 3748
 3750
 3750
 3752
 3751
 3750
 3751
 3749
 3748
 3749
 3749
 3751
 3751
 3751
 3751
 3749
 3750
 3750
 3750
 3750
 3749
 3750
 3751
 3750
 3750
 3749
 3751
 3748
 3752
 3751
 3751
 3750
 3750
 3752
 3750
 3750
 3751
 3749
 3750
 3752
 3749
 3751
 3753
 3752
 3751
 3749
 3752
 3751
 3749
 3749
 3748
 3751
 3751
 3751
 3749
 3751
 3751
 3749
 3751
 3750
 3748
 3749
 3751
 3749
 3750
 3751
 3754
 3750
 3750
 3752
 3750
 3750
 3749
 3749
 3748
 3751
 3750
 3750
 3752
 3749
 3751
 3753
 3752
 3749
 3752
 3750
 3752
 3752
 3749
 3750
 3751
 3750
 3750
 3750
 3750
 3750
 3752
 3750
 3749
 3750
 3750
 3751
 3750
 3751
 3746
 3750
 3750
 3750
 3750
 3749
 3753
 3753
 3751
 3750
 3752
 3751
 3747
 3749
 3749
 3751
 3751
 3751
 3752
 3752
 3749
 3751
 3751
 3748
 3752
 3749
 3750
 3751
 3751
 3750
 3749
 3747
 3751
 3751
 3749
 3749
 3752
 3749
 3751
 3749
 3751
 3749
 3751
 3751
 3751
 3750
 3751
 3750
 3752
 3751
 3753
 3750
 3751
 3752
 3747
 3750
 3751
 3751
 3751
 3749
 3751
 3754
 3750
 3751
 3751
 3750
 3749
 3751
 3751
 3751
 3751
 3753
 3750
 3752
 3750
 3749
 3748
 3750
 3750
 3749
 3752
 3753
 3751
 3749
 3751
 3748
 3751
 3749
 3751
 3751
 3749
 3752
 3749
 3749
 3750
 3750
 3751
 3749
 3753
 3748
 3749
 3750
 3749
 3749
 3750
 3750
 3750
 3752
 3750
 3750
 3752
 3751
 3750
 3751
 3750
 3749
 3751
 3752
 3747
 3749
 3752
 3753
 3750
 3752
 3750
 3752
 3750
 3750
 3748
 3751
 3748
 3750
 3751
 3750
 3752
 3750
 3749
 3748
 3750
 3750
 3751
 3750
 3750
 3750
 3751
 3752
 3752
 3749
 3748
 3750
 3753
 3750
 3753
 3752
 3750
 3751
 3751
 3748
 3749
 3750
 3751
 3751
 3751
 3751
 3751
 3751
 3750
 3749
 3749
 3751
 3751
 3748
 3751
 3749
 3751
 3751
 3751
 3751
 3751
 3752
 3750
 3751
 3751
 3747
 3748
 3750
 3750
 3749
 3751
 3749
 3752
 3751
 3749
 3749
 3752
 3751
 3752
 3751
 3749
 3751
 3751
 3749
 3749
 3753
 3747
 3748
 3750
 3749
 3751
 3750
 3748
 3750
 3750
 3749
 3750
 3753
 3750
 3753
 3749
 3751
 3751
 3750
 3750
 3753
 3751
 3753
 3750
 3751
 3750
 3749
 3749
 3750
 3752
 3753
 3750
 3748
 3748
 3751
 3751
 3749
 3751
 3752
 3750
 3747
 3749
 3751
 3750
 3755
 3749
 3750
 3748
 3749
 3751
 3751
 3749
 3748
 3751
 3751
 3749
 3749
 3750
 3749
 3750
 3751
 3749
 3753
 3751
 3751
 3749
 3751
 3753
 3749
 3749
 3749
 3751
 3751
 3751
 3751
 3751
 3751
 3751
 3751
 3751
 3751
 3751
 3748
 3751
 3749
 3751
 3751
 3750
 3750
 3751
 3753
 3750
 3749
 3751
 3751
 3747
 3749
 3749
 3751
 3749
 3752
 3750
 3748
 3751
 3749
 3750
 3751
 3752
 3747
 3751
 3752
 3752
 3749
 3751
 3751
 3751
 3752
 3751
 3749
 3750
 3751
 3749
 3753
 3751
 3749
 3751
 3749
 3750
 3749
 3750
 3752
 3751
 3751
 3749
 3749
 3755
 3752
 3750
 3751
 3750
 3750
 3751
 3751
 3752
 3749
 3749
 3747
 3751
 3751
 3753
 3751
 3749
 3752
 3749
 3749
 3749
 3752
 3749
 3750
 3749
 3749
 3750
 3750
 3749
 3751
 3749
 3749
 3749
 3749
 3751
 3749
 3751
 3749
 3751
 3749
 3752
 3748
 3747
 3749
 3750
 3751
 3752
 3747
 3752
 3750
 3747
 3748
 3750
 3752
 3751
 3748
 3749
 3750
 3749
 3751
 3750
 3752
 3748
 3747
 3750
 3749
 3752
 3752
 3749
 3749
 3752
 3751
 3749
 3751
 3749
 3751
 3751
 3748
 3751
 3749
 3751
 3749
 3751
 3750
 3749
 3750
 3751
 3750
 3750
 3748
 3750
 3750
 3750
 3749
 3749
 3749
 3751
 3753
 3751
 3751
 3749
 3749
 3753
 3750
 3751
 3750
 3751
 3749
 3751
 3752
 3749
 3750
 3752
 3751
 3749
 3753
 3748
 3749
 3750
 3751
 3751
 3752
 3749
 3749
 3749
 3751
 3749
 3749
 3752
 3751
 3750
 3751
 3751
 3750
 3749
 3751
 3747
 3749
 3749
 3749
 3750
 3751
 3750
 3751
 3752
 3750
 3750
 3751
 3750
 3751
 3749
 3749
 3749
 3751
 3748
 3749
 3752
 3749
 3749
 3751
 3752
 3752
 3750
 3750
 3748
 3750
 3749
 3753
 3751
 3750
 3749
 3751
 3750
 3750
 3750
 3751
 3752
 3750
 3748
 3751
 3752
 3750
 3751
 3750
 3752
 3749
 3748


# name: tvla_cc2538_sw_rnd
# type: matrix
# rows: 1000
# columns: 1
 3751
 3750
 3749
 3749
 3750
 3753
 3735
 3753
 3735
 3751
 3751
 3750
 3750
 3752
 3750
 3749
 3749
 3750
 3750
 3750
 3751
 3752
 3750
 3749
 3750
 3750
 3750
 3749
 3751
 3750
 3750
 3750
 3748
 3733
 3751
 3749
 3750
 3750
 3750
 3750
 3751
 3749
 3752
 3750
 3751
 3749
 3752
 3750
 3749
 3749
 3751
 3749
 3748
 3753
 3749
 3749
 3750
 3752
 3750
 3753
 3752
 3750
 3752
 3750
 3751
 3750
 3750
 3751
 3752
 3750
 3751
 3752
 3750
 3752
 3751
 3749
 3752
 3750
 3750
 3750
 3750
 3751
 3750
 3751
 3751
 3750
 3752
 3748
 3752
 3750
 3752
 3748
 3752
 3750
 3749
 3750
 3752
 3749
 3750
 3750
 3748
 3750
 3750
 3750
 3752
 3750
 3752
 3752
 3748
 3750
 3750
 3750
 3751
 3752
 3752
 3750
 3752
 3752
 3749
 3750
 3750
 3749
 3752
 3749
 3750
 3749
 3752
 3752
 3750
 3752
 3750
 3752
 3749
 3750
 3750
 3748
 3750
 3751
 3751
 3750
 3752
 3750
 3749
 3751
 3751
 3751
 3752
 3750
 3748
 3752
 3753
 3749
 3748
 3750
 3750
 3748
 3749
 3749
 3750
 3750
 3750
 3751
 3752
 3748
 3750
 3749
 3750
 3752
 3750
 3753
 3750
 3750
 3751
 3750
 3750
 3750
 3750
 3748
 3749
 3752
 3750
 3751
 3751
 3750
 3751
 3750
 3751
 3751
 3751
 3752
 3752
 3750
 3752
 3747
 3751
 3750
 3748
 3750
 3748
 3749
 3752
 3749
 3751
 3753
 3752
 3750
 3750
 3750
 3752
 3749
 3751
 3749
 3750
 3750
 3750
 3750
 3752
 3750
 3752
 3750
 3750
 3750
 3750
 3747
 3753
 3748
 3750
 3750
 3750
 3748
 3750
 3751
 3752
 3752
 3750
 3752
 3750
 3751
 3752
 3750
 3751
 3751
 3750
 3750
 3751
 3752
 3751
 3752
 3752
 3748
 3747
 3748
 3752
 3750
 3750
 3752
 3749
 3750
 3750
 3752
 3751
 3750
 3750
 3752
 3750
 3752
 3752
 3750
 3750
 3752
 3751
 3750
 3750
 3751
 3749
 3750
 3753
 3748
 3751
 3748
 3750
 3749
 3750
 3748
 3749
 3750
 3748
 3752
 3751
 3750
 3750
 3748
 3750
 3750
 3750
 3749
 3750
 3752
 3752
 3754
 3751
 3751
 3750
 3751
 3750
 3752
 3750
 3752
 3751
 3750
 3752
 3752
 3750
 3752
 3750
 3749
 3750
 3748
 3752
 3751
 3750
 3752
 3746
 3750
 3750
 3751
 3746
 3749
 3750
 3750
 3751
 3750
 3748
 3750
 3752
 3750
 3750
 3750
 3749
 3748
 3753
 3752
 3750
 3748
 3750
 3750
 3751
 3750
 3750
 3751
 3750
 3750
 3752
 3750
 3750
 3748
 3752
 3750
 3749
 3749
 3750
 3749
 3752
 3750
 3749
 3752
 3750
 3749
 3750
 3750
 3752
 3750
 3751
 3751
 3750
 3750
 3750
 3750
 3751
 3750
 3750
 3750
 3751
 3750
 3751
 3750
 3751
 3751
 3750
 3751
 3751
 3752
 3750
 3750
 3750
 3748
 3751
 3749
 3753
 3750
 3749
 3750
 3751
 3749
 3752
 3750
 3751
 3752
 3750
 3750
 3748
 3748
 3750
 3751
 3751
 3750
 3752
 3752
 3750
 3752
 3749
 3750
 3748
 3750
 3749
 3751
 3750
 3748
 3746
 3748
 3750
 3748
 3752
 3749
 3750
 3751
 3752
 3751
 3750
 3750
 3750
 3751
 3751
 3751
 3752
 3751
 3751
 3748
 3751
 3750
 3749
 3750
 3751
 3750
 3749
 3751
 3753
 3750
 3750
 3750
 3751
 3750
 3750
 3750
 3753
 3750
 3753
 3751
 3750
 3752
 3753
 3752
 3751
 3747
 3748
 3750
 3751
 3751
 3751
 3752
 3749
 3753
 3749
 3752
 3752
 3749
 3750
 3750
 3749
 3750
 3751
 3750
 3750
 3749
 3748
 3751
 3751
 3751
 3748
 3753
 3751
 3748
 3752
 3752
 3751
 3748
 3749
 3752
 3750
 3752
 3749
 3749
 3751
 3753
 3750
 3751
 3752
 3750
 3750
 3750
 3751
 3749
 3751
 3749
 3748
 3751
 3748
 3750
 3750
 3753
 3751
 3749
 3750
 3751
 3751
 3750
 3749
 3749
 3751
 3754
 3749
 3749
 3751
 3749
 3749
 3751
 3751
 3747
 3751
 3751
 3750
 3753
 3747
 3749
 3751
 3751
 3751
 3749
 3749
 3751
 3751
 3751
 3749
 3749
 3749
 3750
 3751
 3751
 3751
 3753
 3751
 3751
 3751
 3749
 3753
 3751
 3753
 3748
 3749
 3751
 3751
 3752
 3751
 3749
 3751
 3749
 3751
 3752
 3749
 3751
 3749
 3749
 3749
 3753
 3751
 3750
 3750
 3751
 3748
 3753
 3748
 3751
 3749
 3748
 3748
 3748
 3749
 3749
 3749
 3750
 3751
 3751
 3751
 3750
 3750
 3751
 3750
 3751
 3747
 3750
 3749
 3750
 3749
 3753
 3752
 3751
 3750
 3751
 3750
 3749
 3750
 3749
 3749
 3751
 3749
 3753
 3751
 3751
 3749
 3751
 3751
 3750
 3749
 3751
 3751
 3751
 3749
 3749
 3751
 3750
 3749
 3749
 3753
 3751
 3749
 3750
 3751
 3750
 3751
 3749
 3753
 3751
 3751
 3752
 3749
 3751
 3751
 3753
 3751
 3750
 3751
 3751
 3751
 3749
 3750
 3751
 3750
 3751
 3749
 3751
 3751
 3751
 3751
 3751
 3752
 3750
 3749
 3751
 3750
 3752
 3750
 3749
 3749
 3750
 3749
 3751
 3751
 3747
 3751
 3747
 3751
 3753
 3749
 3750
 3749
 3749
 3751
 3751
 3751
 3749
 3747
 3752
 3751
 3750
 3752
 3752
 3750
 3749
 3748
 3750
 3750
 3747
 3751
 3750
 3751
 3751
 3749
 3752
 3751
 3752
 3749
 3749
 3749
 3749
 3750
 3747
 3752
 3750
 3750
 3748
 3752
 3749
 3750
 3752
 3751
 3752
 3751
 3749
 3749
 3754
 3748
 3749
 3752
 3752
 3748
 3750
 3750
 3750
 3750
 3750
 3750
 3750
 3752
 3750
 3748
 3750
 3750
 3752
 3750
 3750
 3751
 3751
 3749
 3750
 3750
 3751
 3752
 3751
 3751
 3751
 3750
 3751
 3750
 3751
 3751
 3751
 3751
 3751
 3751
 3749
 3748
 3748
 3749
 3749
 3749
 3749
 3749
 3752
 3751
 3752
 3751
 3749
 3750
 3751
 3749
 3752
 3751
 3753
 3750
 3752
 3750
 3749
 3750
 3753
 3750
 3749
 3752
 3749
 3749
 3753
 3751
 3749
 3752
 3749
 3750
 3750
 3752
 3750
 3749
 3750
 3752
 3750
 3748
 3752
 3750
 3749
 3752
 3748
 3747
 3752
 3752
 3752
 3747
 3750
 3750
 3750
 3750
 3750
 3750
 3750
 3752
 3750
 3750
 3752
 3750
 3753
 3750
 3750
 3750
 3752
 3750
 3750
 3753
 3751
 3750
 3750
 3750
 3750
 3749
 3750
 3750
 3751
 3749
 3747
 3752
 3751
 3748
 3751
 3752
 3750
 3748
 3750
 3749
 3748
 3750
 3750
 3750
 3750
 3751
 3753
 3750
 3751
 3750
 3749
 3748
 3752
 3751
 3751
 3753
 3751
 3751
 3749
 3749
 3751
 3751
 3749
 3749
 3749
 3751
 3748
 3751
 3752
 3752
 3747
 3750
 3750
 3749
 3750
 3751
 3750
 3751
 3750
 3749
 3748
 3752
 3750
 3750
 3751
 3751
 3751
 3751
 3751
 3749
 3750
 3748
 3751
 3751
 3749
 3751
 3751
 3749
 3751
 3750
 3751
 3751
 3751
 3750
 3751
 3750
 3751
 3749
 3749
 3751
 3753
 3751
 3749
 3751
 3751
 3753
 3751
 3749
 3750
 3749
 3750
 3749
 3751
 3751
 3749
 3751
 3750
 3749
 3751
 3751
 3749
 3749
 3750
 3749
 3750
 3753
 3751
 3751
 3751
 3753
 3750
 3750
 3751
 3751
 3749
 3747
 3751
 3752
 3749
 3751
 3751
 3749
 3749
 3751
 3749
 3749
 3750


# name: tvla_telosb_hw_fix
# type: matrix
# rows: 1000
# columns: 1
 2562
 2565
 2564
 2562
 2565
 2564
 2563
 2565
 2564
 2562
 2565
 2564
 2562
 2565
 2563
 2562
 2565
 2563
 2562
 2565
 2563
 2562
 2565
 2563
 2562
 2538
 2563
 2562
 2564
 2563
 2562
 2565
 2563
 2562
 2565
 2563
 2562
 2565
 2563
 2562
 2564
 2563
 2562
 2565
 2563
 2562
 2564
 2563
 2562
 2564
 2563
 2562
 2564
 2563
 2562
 2564
 2563
 2562
 2564
 2561
 2561
 2565
 2561
 2562
 2565
 2562
 2561
 2564
 2561
 2561
 2564
 2562
 2561
 2564
 2562
 2560
 2563
 2562
 2561
 2564
 2562
 2560
 2563
 2561
 2560
 2538
 2561
 2561
 2564
 2561
 2561
 2564
 2562
 2561
 2564
 2561
 2561
 2564
 2561
 2562
 2564
 2563
 2562
 2563
 2563
 2561
 2563
 2562
 2561
 2564
 2563
 2562
 2563
 2563
 2561
 2563
 2563
 2562
 2563
 2563
 2561
 2563
 2563
 2561
 2563
 2563
 2561
 2564
 2563
 2561
 2563
 2563
 2562
 2565
 2563
 2562
 2565
 2563
 2562
 2565
 2563
 2562
 2565
 2564
 2562
 2539
 2564
 2562
 2565
 2563
 2562
 2565
 2564
 2562
 2565
 2563
 2562
 2565
 2563
 2562
 2565
 2563
 2561
 2563
 2563
 2561
 2564
 2563
 2562
 2563
 2563
 2561
 2563
 2562
 2560
 2563
 2562
 2561
 2563
 2562
 2569
 2573
 2571
 2569
 2573
 2571
 2569
 2573
 2571
 2569
 2573
 2571
 2570
 2573
 2571
 2569
 2573
 2571
 2569
 2573
 2571
 2570
 2573
 2571
 2570
 2546
 2571
 2570
 2573
 2572
 2570
 2573
 2572
 2570
 2573
 2572
 2570
 2573
 2572
 2571
 2573
 2571
 2569
 2574
 2572
 2570
 2573
 2572
 2570
 2573
 2571
 2570
 2573
 2572
 2569
 2574
 2572
 2570
 2573
 2572
 2571
 2574
 2572
 2571
 2574
 2572
 2571
 2574
 2572
 2570
 2574
 2569
 2570
 2574
 2572
 2570
 2574
 2573
 2570
 2574
 2572
 2570
 2574
 2573
 2570
 2548
 2573
 2570
 2574
 2573
 2570
 2574
 2573
 2570
 2574
 2573
 2570
 2574
 2573
 2570
 2574
 2573
 2570
 2574
 2583
 2569
 2574
 2572
 2570
 2574
 2572
 2570
 2573
 2572
 2569
 2574
 2572
 2570
 2573
 2583
 2570
 2574
 2571
 2571
 2573
 2572
 2569
 2573
 2572
 2570
 2573
 2572
 2570
 2573
 2571
 2570
 2573
 2571
 2570
 2573
 2571
 2569
 2573
 2571
 2569
 2547
 2571
 2570
 2573
 2571
 2569
 2573
 2571
 2569
 2573
 2571
 2569
 2572
 2570
 2569
 2573
 2571
 2569
 2573
 2571
 2569
 2596
 2571
 2569
 2583
 2571
 2569
 2583
 2570
 2569
 2572
 2570
 2569
 2572
 2570
 2571
 2563
 2561
 2571
 2563
 2561
 2571
 2563
 2561
 2571
 2563
 2561
 2571
 2563
 2561
 2560
 2562
 2561
 2560
 2563
 2561
 2571
 2563
 2561
 2571
 2538
 2561
 2571
 2563
 2561
 2571
 2563
 2561
 2560
 2563
 2561
 2560
 2563
 2561
 2571
 2563
 2561
 2571
 2563
 2561
 2571
 2563
 2561
 2571
 2563
 2561
 2571
 2563
 2561
 2571
 2563
 2561
 2571
 2563
 2561
 2571
 2563
 2561
 2571
 2563
 2561
 2571
 2563
 2561
 2571
 2563
 2561
 2571
 2563
 2561
 2571
 2563
 2561
 2571
 2563
 2561
 2571
 2563
 2561
 2571
 2537
 2561
 2571
 2563
 2561
 2585
 2563
 2561
 2571
 2563
 2561
 2571
 2563
 2561
 2571
 2563
 2561
 2571
 2563
 2561
 2571
 2563
 2561
 2571
 2563
 2561
 2571
 2563
 2561
 2560
 2563
 2561
 2571
 2563
 2561
 2571
 2563
 2561
 2571
 2563
 2561
 2571
 2563
 2561
 2571
 2563
 2561
 2561
 2563
 2561
 2561
 2563
 2561
 2561
 2563
 2562
 2561
 2563
 2562
 2561
 2538
 2563
 2561
 2563
 2562
 2561
 2564
 2563
 2562
 2563
 2563
 2561
 2565
 2563
 2562
 2564
 2562
 2561
 2564
 2563
 2561
 2563
 2563
 2561
 2564
 2563
 2561
 2565
 2563
 2561
 2563
 2563
 2562
 2563
 2563
 2561
 2564
 2563
 2562
 2563
 2562
 2561
 2563
 2563
 2562
 2564
 2563
 2562
 2563
 2563
 2561
 2563
 2563
 2561
 2564
 2563
 2561
 2563
 2563
 2561
 2537
 2563
 2562
 2565
 2563
 2561
 2565
 2563
 2561
 2565
 2563
 2561
 2564
 2563
 2562
 2564
 2563
 2562
 2564
 2563
 2562
 2563
 2563
 2561
 2564
 2563
 2562
 2565
 2563
 2562
 2564
 2563
 2562
 2564
 2563
 2561
 2563
 2563
 2561
 2563
 2563
 2562
 2564
 2562
 2561
 2563
 2562
 2561
 2563
 2563
 2561
 2563
 2562
 2561
 2563
 2562
 2561
 2563
 2562
 2561
 2537
 2562
 2562
 2563
 2562
 2561
 2563
 2562
 2561
 2563
 2562
 2561
 2563
 2562
 2560
 2563
 2562
 2562
 2563
 2562
 2561
 2563
 2562
 2571
 2563
 2561
 2560
 2563
 2561
 2571
 2563
 2561
 2561
 2563
 2561
 2571
 2563
 2561
 2571
 2563
 2561
 2571
 2563
 2561
 2571
 2563
 2561
 2571
 2563
 2561
 2571
 2563
 2561
 2571
 2563
 2561
 2571
 2563
 2561
 2571
 2537
 2561
 2561
 2563
 2561
 2570
 2573
 2571
 2570
 2573
 2572
 2570
 2573
 2571
 2570
 2573
 2572
 2570
 2573
 2571
 2570
 2573
 2571
 2570
 2572
 2571
 2570
 2573
 2571
 2570
 2573
 2571
 2570
 2573
 2571
 2570
 2573
 2571
 2570
 2573
 2572
 2570
 2573
 2572
 2570
 2573
 2572
 2570
 2573
 2572
 2570
 2573
 2572
 2570
 2573
 2572
 2569
 2573
 2572
 2569
 2547
 2572
 2570
 2574
 2572
 2570
 2574
 2572
 2570
 2574
 2572
 2570
 2574
 2569
 2570
 2574
 2573
 2570
 2574
 2572
 2570
 2574
 2573
 2570
 2574
 2573
 2581
 2574
 2573
 2582
 2574
 2573
 2582
 2574
 2573
 2582
 2574
 2573
 2582
 2575
 2573
 2582
 2574
 2573
 2571
 2573
 2573
 2582
 2574
 2573
 2595
 2574
 2573
 2594
 2574
 2573
 2570
 2574
 2573
 2570
 2548
 2573
 2570
 2574
 2573
 2570
 2574
 2573
 2570
 2574
 2573
 2570
 2574
 2573
 2570
 2574
 2572
 2570
 2574
 2573
 2570
 2574
 2573
 2570
 2574
 2569
 2570
 2574
 2573
 2570
 2574
 2573
 2570
 2574
 2573
 2562
 2564
 2563
 2562
 2565
 2563
 2561
 2565
 2563
 2562
 2565
 2564
 2562
 2565
 2563
 2562
 2565
 2563
 2562
 2565
 2563
 2562
 2565
 2563
 2561
 2538
 2563
 2561
 2563
 2563
 2562
 2563
 2562
 2561
 2563
 2562
 2562
 2563
 2562
 2561
 2563
 2562
 2561
 2563
 2562
 2561
 2563
 2562
 2561
 2563
 2562
 2560
 2563
 2562
 2561
 2563
 2562
 2561
 2563
 2562
 2562
 2563
 2562
 2562
 2563
 2563
 2562
 2565
 2563
 2562
 2563
 2563
 2561
 2565
 2563
 2562
 2564
 2563
 2562
 2565
 2563
 2562
 2565
 2563
 2562
 2539
 2563
 2562
 2564
 2563
 2562
 2564
 2563
 2562
 2564
 2563
 2562
 2565
 2563
 2562
 2565
 2563
 2562
 2565
 2563
 2562
 2565
 2563
 2562
 2565
 2563
 2562
 2565
 2564
 2562
 2565
 2563
 2562
 2565
 2563
 2562
 2565
 2563
 2562
 2565
 2564
 2562
 2565
 2564
 2563
 2565
 2564
 2563
 2565
 2564
 2563
 2565
 2564
 2563
 2565
 2564
 2563
 2565
 2564
 2562
 2539
 2564
 2562
 2565
 2564
 2563
 2565
 2564
 2562
 2565
 2564
 2563
 2565
 2564
 2563


# name: tvla_telosb_hw_rnd
# type: matrix
# rows: 1000
# columns: 1
 2562
 2565
 2563
 2561
 2563
 2562
 2572
 2563
 2562
 2561
 2564
 2562
 2561
 2563
 2562
 2561
 2564
 2562
 2561
 2563
 2561
 2571
 2564
 2562
 2560
 2564
 2563
 2561
 2563
 2561
 2561
 2564
 2563
 2561
 2564
 2562
 2560
 2564
 2561
 2561
 2563
 2561
 2560
 2562
 2562
 2560
 2562
 2561
 2561
 2562
 2561
 2561
 2562
 2562
 2560
 2563
 2562
 2560
 2563
 2562
 2560
 2563
 2561
 2560
 2563
 2561
 2560
 2563
 2562
 2560
 2563
 2561
 2560
 2563
 2562
 2561
 2562
 2561
 2560
 2563
 2562
 2560
 2563
 2562
 2561
 2563
 2562
 2561
 2563
 2562
 2568
 2572
 2570
 2569
 2573
 2571
 2569
 2572
 2571
 2570
 2572
 2571
 2570
 2573
 2571
 2569
 2573
 2571
 2570
 2572
 2572
 2570
 2573
 2570
 2570
 2573
 2572
 2570
 2573
 2571
 2570
 2572
 2572
 2570
 2573
 2571
 2569
 2573
 2572
 2570
 2573
 2572
 2570
 2574
 2572
 2570
 2573
 2572
 2571
 2574
 2572
 2570
 2573
 2572
 2572
 2574
 2571
 2571
 2574
 2572
 2571
 2574
 2572
 2571
 2574
 2572
 2570
 2574
 2572
 2570
 2574
 2572
 2570
 2573
 2572
 2571
 2574
 2572
 2571
 2574
 2572
 2570
 2573
 2572
 2570
 2573
 2572
 2569
 2573
 2572
 2570
 2572
 2571
 2569
 2572
 2571
 2568
 2572
 2571
 2569
 2572
 2572
 2570
 2573
 2572
 2570
 2573
 2571
 2569
 2572
 2572
 2570
 2573
 2571
 2570
 2572
 2571
 2570
 2573
 2572
 2570
 2572
 2571
 2569
 2573
 2571
 2570
 2573
 2571
 2570
 2572
 2571
 2570
 2573
 2570
 2570
 2572
 2571
 2569
 2573
 2571
 2569
 2572
 2570
 2567
 2572
 2571
 2569
 2572
 2571
 2560
 2563
 2562
 2560
 2563
 2561
 2560
 2562
 2561
 2560
 2562
 2561
 2560
 2562
 2561
 2560
 2563
 2562
 2559
 2563
 2562
 2560
 2562
 2562
 2560
 2563
 2560
 2560
 2563
 2560
 2561
 2563
 2561
 2560
 2563
 2561
 2560
 2563
 2561
 2561
 2563
 2562
 2559
 2563
 2562
 2560
 2562
 2562
 2560
 2563
 2561
 2560
 2562
 2561
 2559
 2563
 2560
 2559
 2562
 2561
 2560
 2563
 2561
 2560
 2562
 2560
 2559
 2562
 2571
 2560
 2562
 2561
 2560
 2561
 2561
 2559
 2563
 2561
 2559
 2562
 2561
 2559
 2562
 2561
 2559
 2562
 2561
 2559
 2562
 2560
 2559
 2561
 2560
 2559
 2562
 2560
 2559
 2562
 2561
 2559
 2562
 2561
 2558
 2562
 2560
 2559
 2563
 2561
 2559
 2562
 2561
 2559
 2563
 2561
 2559
 2562
 2561
 2560
 2561
 2560
 2579
 2571
 2570
 2568
 2572
 2570
 2568
 2570
 2570
 2579
 2571
 2570
 2568
 2571
 2570
 2579
 2571
 2570
 2568
 2571
 2570
 2568
 2570
 2569
 2579
 2571
 2569
 2568
 2570
 2570
 2568
 2571
 2570
 2568
 2570
 2570
 2568
 2572
 2569
 2568
 2570
 2570
 2568
 2571
 2569
 2568
 2570
 2569
 2568
 2571
 2569
 2567
 2571
 2570
 2568
 2570
 2569
 2568
 2571
 2570
 2568
 2571
 2570
 2568
 2571
 2570
 2567
 2570
 2570
 2568
 2570
 2570
 2568
 2582
 2568
 2579
 2570
 2569
 2568
 2570
 2568
 2567
 2571
 2569
 2567
 2571
 2570
 2568
 2582
 2569
 2568
 2570
 2570
 2568
 2571
 2569
 2568
 2570
 2570
 2568
 2571
 2569
 2568
 2570
 2570
 2568
 2571
 2568
 2567
 2571
 2569
 2568
 2570
 2568
 2568
 2571
 2569
 2567
 2571
 2569
 2568
 2570
 2569
 2568
 2571
 2570
 2567
 2571
 2569
 2566
 2570
 2569
 2567
 2571
 2569
 2568
 2570
 2569
 2567
 2571
 2569
 2567
 2571
 2569
 2567
 2582
 2569
 2567
 2570
 2570
 2568
 2570
 2570
 2567
 2570
 2569
 2568
 2571
 2569
 2567
 2570
 2569
 2568
 2571
 2570
 2568
 2571
 2568
 2567
 2570
 2570
 2567
 2570
 2569
 2568
 2571
 2568
 2567
 2571
 2569
 2568
 2570
 2569
 2567
 2571
 2570
 2568
 2570
 2569
 2568
 2570
 2570
 2566
 2569
 2569
 2567
 2571
 2568
 2567
 2570
 2569
 2567
 2571
 2570
 2567
 2571
 2568
 2567
 2570
 2569
 2568
 2571
 2569
 2568
 2570
 2569
 2568
 2570
 2569
 2567
 2571
 2570
 2566
 2571
 2569
 2567
 2571
 2569
 2568
 2570
 2569
 2568
 2571
 2569
 2568
 2570
 2569
 2567
 2570
 2569
 2567
 2570
 2570
 2568
 2570
 2569
 2567
 2570
 2569
 2567
 2571
 2569
 2568
 2571
 2570
 2568
 2571
 2569
 2568
 2570
 2569
 2568
 2571
 2570
 2568
 2570
 2569
 2568
 2570
 2569
 2559
 2562
 2560
 2558
 2567
 2560
 2558
 2561
 2560
 2559
 2561
 2560
 2559
 2561
 2560
 2558
 2561
 2559
 2558
 2561
 2560
 2558
 2561
 2560
 2558
 2561
 2560
 2559
 2562
 2560
 2559
 2561
 2560
 2559
 2561
 2560
 2559
 2562
 2560
 2558
 2561
 2561
 2560
 2561
 2560
 2560
 2562
 2561
 2559
 2561
 2560
 2559
 2562
 2560
 2558
 2561
 2559
 2559
 2561
 2561
 2559
 2562
 2560
 2559
 2563
 2561
 2559
 2562
 2561
 2559
 2562
 2561
 2560
 2562
 2572
 2560
 2561
 2561
 2560
 2562
 2562
 2561
 2563
 2562
 2559
 2564
 2562
 2560
 2563
 2561
 2569
 2572
 2581
 2568
 2572
 2570
 2568
 2572
 2570
 2569
 2573
 2570
 2569
 2572
 2582
 2570
 2572
 2571
 2570
 2572
 2570
 2569
 2572
 2571
 2569
 2573
 2570
 2570
 2573
 2571
 2570
 2572
 2571
 2569
 2573
 2570
 2569
 2573
 2570
 2569
 2572
 2572
 2569
 2572
 2571
 2569
 2573
 2571
 2569
 2572
 2571
 2570
 2573
 2571
 2570
 2573
 2571
 2569
 2571
 2570
 2569
 2573
 2571
 2569
 2572
 2571
 2570
 2572
 2571
 2570
 2572
 2571
 2570
 2573
 2571
 2569
 2572
 2570
 2569
 2573
 2571
 2570
 2572
 2570
 2569
 2572
 2581
 2570
 2573
 2571
 2570
 2573
 2572
 2570
 2573
 2571
 2569
 2572
 2571
 2569
 2572
 2570
 2569
 2573
 2571
 2569
 2573
 2571
 2569
 2573
 2572
 2569
 2573
 2571
 2570
 2573
 2570
 2570
 2573
 2571
 2560
 2563
 2561
 2560
 2563
 2561
 2560
 2563
 2561
 2560
 2563
 2561
 2559
 2562
 2561
 2560
 2563
 2562
 2560
 2563
 2562
 2560
 2563
 2561
 2560
 2563
 2561
 2559
 2562
 2561
 2561
 2563
 2561
 2560
 2564
 2561
 2560
 2563
 2561
 2561
 2564
 2561
 2560
 2562
 2561
 2561
 2563
 2562
 2560
 2563
 2561
 2560
 2563
 2561
 2560
 2563
 2561
 2560
 2563
 2562
 2569
 2572
 2571
 2569
 2572
 2571
 2569
 2572
 2571
 2569
 2573
 2569
 2569
 2573
 2570
 2569
 2573
 2570
 2569
 2572
 2570
 2570
 2572
 2570
 2568
 2572
 2570
 2568
 2572
 2571
 2569
 2571
 2570
 2570
 2572
 2571
 2569
 2572
 2571
 2569
 2572
 2571
 2569
 2572
 2571
 2569
 2572
 2571
 2569
 2572
 2571
 2569
 2572
 2570
 2569
 2573
 2571
 2569
 2571
 2571
 2569
 2572
 2570
 2569
 2572
 2571
 2569
 2595
 2570
 2569
 2583
 2571
 2569
 2571
 2570
 2569
 2572
 2569
 2567
 2572
 2570
 2569
 2570
 2570
 2569
 2572
 2571
 2568
 2572
 2570
 2569
 2571
 2570
 2570
 2572
 2571
 2570
 2571
 2571
 2570


# name: tvla_telosb_sw_fix
# type: matrix
# rows: 1000
# columns: 1
 18323
 18293
 18292
 18290
 18293
 18292
 18290
 18294
 18293
 18291
 18293
 18292
 18292
 18294
 18328
 18292
 18294
 18301
 18291
 18324
 18293
 18292
 18296
 18295
 18293
 18297
 18296
 18294
 18297
 18296
 18295
 18297
 18297
 18296
 18298
 18309
 18296
 18299
 18297
 18296
 18299
 18297
 18295
 18299
 18297
 18296
 18298
 18297
 18296
 18298
 18297
 18295
 18298
 18297
 18296
 18298
 18296
 18295
 18297
 18296
 18296
 18298
 18297
 18330
 18298
 18298
 18297
 18299
 18298
 18297
 18300
 18299
 18310
 18322
 18300
 18298
 18301
 18299
 18298
 18301
 18300
 18339
 18301
 18301
 18300
 18303
 18302
 18299
 18306
 18301
 18300
 18302
 18301
 18299
 18301
 18299
 18298
 18299
 18298
 18296
 18302
 18297
 18296
 18302
 18297
 18296
 18302
 18297
 18295
 18296
 18296
 18293
 18297
 18295
 18293
 18296
 18294
 18293
 18332
 18294
 18292
 18297
 18295
 18293
 18297
 18331
 18294
 18331
 18295
 18294
 18296
 18295
 18293
 18296
 18294
 18329
 18296
 18294
 18293
 18295
 18293
 18291
 18295
 18293
 18291
 18294
 18293
 18292
 18295
 18293
 18291
 18294
 18293
 18292
 18294
 18294
 18292
 18295
 18295
 18293
 18336
 18295
 18294
 18297
 18296
 18295
 18298
 18297
 18331
 18321
 18335
 18295
 18298
 18297
 18296
 18298
 18297
 18296
 18302
 18298
 18297
 18302
 18298
 18296
 18302
 18297
 18296
 18298
 18297
 18330
 18298
 18296
 18294
 18298
 18296
 18294
 18298
 18296
 18295
 18298
 18296
 18295
 18298
 18297
 18295
 18298
 18297
 18295
 18302
 18298
 18296
 18298
 18298
 18297
 18303
 18302
 18297
 18304
 18302
 18298
 18304
 18302
 18302
 18304
 18303
 18302
 18305
 18303
 18298
 18331
 18304
 18302
 18306
 18304
 18302
 18305
 18304
 18303
 18307
 18306
 18304
 18334
 18307
 18304
 18307
 18306
 18305
 18328
 18307
 18306
 18340
 18311
 18338
 18309
 18307
 18306
 18308
 18316
 18305
 18308
 18307
 18307
 18309
 18308
 18306
 18306
 18309
 18307
 18311
 18309
 18238
 18241
 18240
 18239
 18241
 18240
 18247
 18262
 18240
 18248
 18241
 18239
 18239
 18241
 18240
 18239
 18241
 18240
 18239
 18242
 18241
 18239
 18242
 18240
 18239
 18242
 18273
 18240
 18243
 18241
 18240
 18242
 18241
 18241
 18243
 18241
 18242
 18245
 18243
 18241
 18271
 18243
 18241
 18244
 18243
 18241
 18243
 18242
 18240
 18243
 18242
 18240
 18243
 18241
 18239
 18242
 18241
 18240
 18242
 18241
 18265
 18242
 18241
 18239
 18241
 18240
 18249
 18243
 18241
 18239
 18242
 18241
 18239
 18243
 18240
 18239
 18269
 18241
 18240
 18244
 18243
 18241
 18244
 18243
 18241
 18244
 18243
 18241
 18244
 18242
 18241
 18243
 18242
 18241
 18245
 18243
 18274
 18244
 18243
 18242
 18254
 18243
 18269
 18245
 18244
 18242
 18277
 18244
 18243
 18245
 18248
 18243
 18245
 18245
 18243
 18246
 18244
 18243
 18255
 18294
 18312
 18315
 18314
 18312
 18314
 18313
 18312
 18314
 18313
 18312
 18315
 18313
 18312
 18315
 18314
 18312
 18316
 18315
 18313
 18315
 18314
 18322
 18316
 18315
 18313
 18316
 18314
 18312
 18315
 18314
 18243
 18247
 18245
 18244
 18247
 18256
 18244
 18247
 18278
 18244
 18280
 18246
 18245
 18280
 18247
 18245
 18248
 18246
 18246
 18248
 18247
 18287
 18248
 18247
 18245
 18248
 18247
 18245
 18247
 18246
 18314
 18316
 18347
 18314
 18317
 18316
 18314
 18316
 18324
 18313
 18316
 18367
 18313
 18315
 18314
 18312
 18324
 18314
 18312
 18314
 18312
 18310
 18313
 18312
 18310
 18313
 18312
 18311
 18314
 18344
 18310
 18345
 18311
 18309
 18312
 18311
 18318
 18315
 18310
 18308
 18311
 18310
 18346
 18311
 18310
 18309
 18311
 18309
 18357
 18311
 18310
 18308
 18311
 18309
 18308
 18307
 18309
 18308
 18310
 18308
 18306
 18309
 18313
 18339
 18309
 18308
 18361
 18309
 18307
 18305
 18309
 18307
 18305
 18308
 18306
 18305
 18308
 18308
 18305
 18308
 18307
 18332
 18308
 18306
 18305
 18340
 18306
 18305
 18307
 18306
 18314
 18307
 18306
 18304
 18307
 18305
 18303
 18307
 18305
 18303
 18305
 18303
 18302
 18305
 18303
 18302
 18305
 18303
 18298
 18303
 18302
 18297
 18302
 18302
 18297
 18300
 18302
 18296
 18303
 18302
 18297
 18357
 18298
 18297
 18302
 18298
 18296
 18298
 18297
 18295
 18298
 18297
 18294
 18297
 18296
 18361
 18296
 18330
 18294
 18295
 18294
 18293
 18308
 18295
 18294
 18296
 18295
 18294
 18295
 18294
 18293
 18336
 18294
 18292
 18295
 18294
 18293
 18296
 18293
 18292
 18294
 18293
 18291
 18294
 18292
 18290
 18294
 18292
 18291
 18294
 18292
 18291
 18294
 18291
 18290
 18294
 18292
 18290
 18293
 18303
 18290
 18292
 18292
 18290
 18293
 18292
 18290
 18294
 18292
 18326
 18323
 18292
 18291
 18293
 18304
 18303
 18294
 18305
 18291
 18294
 18293
 18292
 18295
 18293
 18292
 18295
 18293
 18292
 18294
 18338
 18293
 18296
 18294
 18293
 18295
 18294
 18293
 18296
 18295
 18295
 18297
 18295
 18294
 18296
 18296
 18294
 18297
 18295
 18294
 18297
 18296
 18295
 18297
 18295
 18294
 18300
 18295
 18294
 18296
 18295
 18293
 18331
 18295
 18297
 18297
 18295
 18294
 18295
 18306
 18304
 18295
 18294
 18292
 18295
 18294
 18333
 18308
 18293
 18292
 18295
 18294
 18292
 18294
 18292
 18291
 18306
 18293
 18291
 18292
 18291
 18331
 18292
 18291
 18290
 18293
 18309
 18290
 18292
 18291
 18289
 18292
 18290
 18307
 18291
 18290
 18324
 18291
 18290
 18289
 18291
 18290
 18288
 18291
 18290
 18334
 18331
 18346
 18287
 18290
 18289
 18288
 18290
 18289
 18317
 18290
 18289
 18288
 18290
 18290
 18288
 18291
 18290
 18328
 18291
 18291
 18290
 18310
 18290
 18289
 18291
 18289
 18287
 18290
 18288
 18286
 18289
 18288
 18285
 18288
 18287
 18285
 18288
 18286
 18286
 18289
 18287
 18285
 18323
 18286
 18285
 18287
 18286
 18284
 18287
 18320
 18285
 18287
 18320
 18284
 18287
 18286
 18284
 18288
 18285
 18284
 18288
 18286
 18285
 18288
 18286
 18286
 18288
 18287
 18287
 18289
 18289
 18287
 18290
 18288
 18287
 18342
 18324
 18289
 18294
 18289
 18288
 18292
 18291
 18290
 18292
 18309
 18290
 18293
 18292
 18291
 18294
 18293
 18291
 18295
 18294
 18293
 18302
 18295
 18292
 18296
 18295
 18293
 18296
 18294
 18293
 18296
 18361
 18306
 18298
 18296
 18295
 18298
 18296
 18294
 18298
 18296
 18295
 18302
 18297
 18296
 18300
 18298
 18297
 18303
 18303
 18298
 18304
 18302
 18298
 18304
 18367
 18334
 18315
 18303
 18302
 18319
 18303
 18302
 18336
 18303
 18303
 18305
 18304
 18302
 18305
 18304
 18302
 18305
 18304
 18302
 18332
 18343
 18303
 18305
 18305
 18304
 18307
 18305
 18312
 18307
 18306
 18313
 18307
 18305
 18304
 18307
 18306
 18304
 18307
 18305
 18358
 18306
 18304
 18303
 18306
 18314
 18303
 18305
 18303
 18302
 18303
 18304
 18303
 18305
 18313
 18306
 18306
 18304
 18303
 18305
 18303
 18302
 18305
 18303
 18310
 18304
 18302
 18298
 18304
 18302
 18298
 18303
 18328
 18296
 18303
 18298
 18296
 18323
 18298
 18297
 18311
 18335
 18297
 18303
 18310
 18296
 18303
 18298
 18295
 18298
 18296
 18295
 18298
 18296
 18295
 18339
 18296
 18294
 18296
 18295
 18293
 18295
 18294
 18292
 18294
 18293
 18291
 18294
 18327
 18325
 18294
 18292
 18289
 18291
 18289
 18288
 18291
 18289
 18288
 18291
 18290
 18289
 18291
 18290
 18289


# name: tvla_telosb_sw_rnd
# type: matrix
# rows: 1000
# columns: 1
 18277
 18254
 18280
 18246
 18269
 18228
 18267
 18271
 18273
 18289
 18219
 18238
 18277
 18240
 18245
 18264
 18274
 18300
 18225
 18228
 18274
 18265
 18241
 18254
 18280
 18313
 18268
 18240
 18264
 18262
 18256
 18301
 18235
 18294
 18211
 18283
 18283
 18278
 18285
 18269
 18337
 18309
 18238
 18311
 18293
 18265
 18254
 18287
 18266
 18264
 18288
 18293
 18270
 18249
 18260
 18276
 18239
 18274
 18272
 18243
 18268
 18291
 18270
 18255
 18300
 18284
 18277
 18324
 18272
 18291
 18314
 18308
 18266
 18242
 18286
 18291
 18272
 18299
 18285
 18294
 18253
 18316
 18288
 18316
 18286
 18262
 18254
 18286
 18296
 18288
 18266
 18289
 18281
 18293
 18245
 18289
 18274
 18257
 18325
 18281
 18271
 18318
 18294
 18290
 18269
 18324
 18297
 18289
 18267
 18290
 18236
 18318
 18278
 18296
 18255
 18308
 18320
 18289
 18294
 18264
 18282
 18279
 18300
 18256
 18302
 18257
 18291
 18266
 18265
 18276
 18266
 18285
 18314
 18281
 18259
 18231
 18304
 18300
 18304
 18314
 18288
 18346
 18300
 18275
 18311
 18307
 18280
 18321
 18315
 18266
 18258
 18282
 18261
 18285
 18283
 18298
 18280
 18289
 18304
 18310
 18282
 18289
 18280
 18269
 18287
 18293
 18312
 18309
 18299
 18295
 18267
 18279
 18298
 18279
 18279
 18255
 18310
 18265
 18282
 18310
 18285
 18301
 18280
 18279
 18298
 18310
 18298
 18318
 18330
 18285
 18267
 18286
 18329
 18325
 18286
 18272
 18275
 18288
 18284
 18312
 18337
 18293
 18306
 18288
 18270
 18326
 18274
 18272
 18288
 18260
 18318
 18255
 18287
 18302
 18338
 18323
 18302
 18298
 18281
 18272
 18261
 18310
 18302
 18287
 18331
 18296
 18281
 18261
 18293
 18283
 18305
 18287
 18256
 18288
 18239
 18296
 18338
 18280
 18296
 18261
 18280
 18312
 18294
 18273
 18320
 18304
 18336
 18313
 18332
 18281
 18289
 18235
 18309
 18270
 18268
 18304
 18318
 18344
 18331
 18322
 18305
 18319
 18299
 18307
 18277
 18279
 18315
 18313
 18280
 18336
 18277
 18273
 18299
 18321
 18311
 18280
 18308
 18289
 18304
 18286
 18255
 18304
 18293
 18311
 18288
 18297
 18326
 18268
 18310
 18306
 18287
 18293
 18281
 18316
 18278
 18311
 18294
 18315
 18295
 18297
 18316
 18289
 18280
 18292
 18339
 18275
 18327
 18298
 18298
 18287
 18263
 18305
 18311
 18276
 18249
 18282
 18313
 18275
 18288
 18313
 18312
 18294
 18290
 18319
 18305
 18305
 18282
 18358
 18250
 18286
 18242
 18225
 18218
 18242
 18275
 18210
 18236
 18286
 18232
 18223
 18252
 18243
 18262
 18223
 18236
 18269
 18229
 18215
 18180
 18262
 18188
 18241
 18229
 18213
 18266
 18195
 18267
 18245
 18195
 18235
 18226
 18222
 18234
 18206
 18209
 18222
 18248
 18230
 18182
 18208
 18217
 18208
 18255
 18229
 18255
 18295
 18236
 18250
 18258
 18231
 18265
 18241
 18250
 18222
 18241
 18223
 18243
 18193
 18195
 18215
 18227
 18196
 18201
 18219
 18216
 18234
 18206
 18228
 18234
 18259
 18263
 18214
 18192
 18235
 18234
 18219
 18202
 18208
 18206
 18208
 18267
 18273
 18215
 18246
 18213
 18242
 18226
 18245
 18222
 18194
 18265
 18332
 18317
 18285
 18296
 18305
 18273
 18305
 18301
 18259
 18359
 18288
 18287
 18272
 18318
 18301
 18313
 18311
 18280
 18270
 18268
 18324
 18304
 18290
 18288
 18264
 18290
 18324
 18300
 18312
 18295
 18270
 18304
 18267
 18289
 18317
 18327
 18287
 18361
 18277
 18287
 18299
 18321
 18280
 18286
 18303
 18320
 18318
 18252
 18267
 18294
 18278
 18282
 18287
 18273
 18282
 18295
 18294
 18321
 18339
 18281
 18278
 18270
 18307
 18354
 18334
 18305
 18315
 18294
 18283
 18294
 18279
 18314
 18293
 18302
 18308
 18337
 18302
 18314
 18267
 18298
 18307
 18274
 18278
 18307
 18267
 18309
 18307
 18273
 18306
 18290
 18329
 18285
 18300
 18297
 18285
 18307
 18324
 18307
 18314
 18324
 18329
 18284
 18331
 18293
 18284
 18298
 18330
 18292
 18282
 18293
 18279
 18294
 18261
 18285
 18305
 18280
 18355
 18333
 18310
 18287
 18298
 18305
 18273
 18282
 18304
 18336
 18326
 18311
 18281
 18319
 18312
 18310
 18289
 18345
 18274
 18297
 18318
 18318
 18326
 18312
 18280
 18325
 18268
 18267
 18311
 18296
 18304
 18306
 18338
 18324
 18314
 18325
 18254
 18319
 18312
 18310
 18327
 18321
 18304
 18300
 18289
 18311
 18277
 18310
 18267
 18313
 18321
 18318
 18294
 18320
 18325
 18301
 18307
 18326
 18342
 18304
 18325
 18322
 18290
 18312
 18298
 18313
 18269
 18291
 18303
 18304
 18284
 18308
 18338
 18321
 18319
 18281
 18257
 18313
 18296
 18272
 18319
 18284
 18315
 18300
 18269
 18295
 18301
 18300
 18302
 18315
 18312
 18329
 18300
 18203
 18240
 18245
 18264
 18259
 18245
 18262
 18252
 18271
 18288
 18218
 18270
 18262
 18272
 18236
 18228
 18244
 18202
 18246
 18232
 18236
 18235
 18206
 18254
 18281
 18216
 18234
 18219
 18249
 18253
 18215
 18226
 18245
 18243
 18245
 18257
 18250
 18232
 18222
 18241
 18223
 18227
 18213
 18256
 18214
 18273
 18256
 18228
 18207
 18256
 18228
 18227
 18209
 18228
 18247
 18217
 18235
 18240
 18243
 18255
 18309
 18312
 18287
 18286
 18302
 18281
 18272
 18312
 18323
 18286
 18261
 18287
 18302
 18282
 18317
 18279
 18282
 18300
 18292
 18305
 18288
 18300
 18290
 18282
 18267
 18319
 18312
 18297
 18277
 18268
 18248
 18219
 18288
 18229
 18232
 18217
 18203
 18192
 18238
 18210
 18213
 18232
 18231
 18254
 18199
 18241
 18186
 18209
 18230
 18241
 18239
 18217
 18240
 18225
 18224
 18214
 18253
 18237
 18213
 18232
 18297
 18296
 18357
 18256
 18302
 18284
 18320
 18274
 18279
 18291
 18275
 18266
 18278
 18287
 18292
 18290
 18317
 18315
 18284
 18322
 18336
 18314
 18304
 18322
 18278
 18310
 18300
 18310
 18281
 18337
 18291
 18289
 18273
 18292
 18318
 18309
 18342
 18294
 18309
 18292
 18310
 18280
 18307
 18281
 18293
 18316
 18344
 18297
 18323
 18282
 18324
 18286
 18295
 18305
 18281
 18323
 18319
 18287
 18306
 18275
 18317
 18320
 18312
 18324
 18269
 18313
 18357
 18320
 18269
 18311
 18296
 18313
 18261
 18315
 18339
 18317
 18314
 18284
 18322
 18355
 18354
 18304
 18277
 18300
 18295
 18271
 18297
 18324
 18313
 18320
 18294
 18325
 18357
 18318
 18290
 18297
 18288
 18328
 18276
 18304
 18341
 18326
 18330
 18277
 18304
 18343
 18296
 18295
 18343
 18312
 18339
 18295
 18340
 18287
 18336
 18316
 18293
 18286
 18295
 18288
 18343
 18298
 18324
 18322
 18269
 18280
 18292
 18261
 18287
 18285
 18235
 18294
 18292
 18296
 18338
 18315
 18317
 18323
 18297
 18288
 18292
 18315
 18317
 18323
 18272
 18305
 18310
 18301
 18281
 18273
 18238
 18235
 18233
 18246
 18235
 18214
 18225
 18240
 18259
 18232
 18207
 18253
 18260
 18229
 18240
 18246
 18241
 18213
 18238
 18220
 18259
 18258
 18234
 18232
 18258
 18220
 18185
 18244
 18240
 18225
 18224
 18267
 18235
 18256
 18226
 18237
 18250
 18238
 18257
 18237
 18239
 18224
 18236
 18264
 18223
 18222
 18225
 18243
 18201
 18217
 18236
 18215
 18271
 18235
 18241
 18216
 18215
 18219
 18229
 18208
 18200
 18222
 18220
 18259
 18230
 18216
 18221
 18277
 18242
 18220
 18229
 18254
 18247
 18249
 18188
 18207
 18189
 18248
 18226
 18240
 18234
 18219
 18221
 18226
 18245
 18214
 18227
 18225
 18266
 18199
 18178
 18234
 18259
 18200
 18235
 18214
 18233
 18182
 18228
 18240


# name: x
# type: scalar
3.441691376337985e-14


# name: y
# type: scalar
11.56452077756483


# name: z
# type: scalar
1998


