# Created by Octave 4.0.0, Mon Apr 11 12:56:06 2016  <unknown@Saltiny>
# name: D
# type: matrix
# rows: 22
# columns: 4
 81.291 81.378 0.579833984375 0.6668339843750033
 81.26599999999999 81.378 1.1444091796875 1.256409179687509
 81.599 81.378 1.739501953125 1.518501953124996
 82.187 81.378 2.288818359375 1.479818359375003
 82.8215 81.378 2.86865234375 1.42515234375
 86.76599999999999 82.55400000000002 5.706787109375 1.494787109375025
 89.61 82.55400000000002 8.5601806640625 1.504180664062517
 92.446 82.55400000000002 11.41357421875 1.521574218750018
 95.31049999999999 82.55400000000002 14.251708984375 1.495208984375026
 98.154 82.55400000000002 17.120361328125 1.52036132812502
 100.9015 82.55400000000002 19.95849609375 1.610996093750018
 103.757 82.55400000000002 22.796630859375 1.593630859375011
 106.7015 82.55400000000002 25.665283203125 1.51778320312502
 109.484 82.55400000000002 28.50341796875 1.573417968750022
 139.0815 83.73 57.0068359375 1.655335937499999
 168.478 83.73 86.36474609375 1.616746093749995
 196.97 83.73 114.8681640625 1.628164062500005
 225.541 83.73 143.341064453125 1.530064453125007
 248.39 83.73 166.015625 1.355625000000018
 282.585 83.73 200.286865234375 1.431865234375024
 311.999 83.73 229.827880859375 1.55888085937498
 323.448 83.73 241.0888671875 1.370867187500025


# name: Dmh
# type: matrix
# rows: 20
# columns: 4
 81.599 81.378 1.739501953125 1.518501953124996
 82.187 81.378 2.288818359375 1.479818359375003
 82.8215 81.378 2.86865234375 1.42515234375
 86.76599999999999 82.55400000000002 5.706787109375 1.494787109375025
 89.61 82.55400000000002 8.5601806640625 1.504180664062517
 92.446 82.55400000000002 11.41357421875 1.521574218750018
 95.31049999999999 82.55400000000002 14.251708984375 1.495208984375026
 98.154 82.55400000000002 17.120361328125 1.52036132812502
 100.9015 82.55400000000002 19.95849609375 1.610996093750018
 103.757 82.55400000000002 22.796630859375 1.593630859375011
 106.7015 82.55400000000002 25.665283203125 1.51778320312502
 109.484 82.55400000000002 28.50341796875 1.573417968750022
 139.0815 83.73 57.0068359375 1.655335937499999
 168.478 83.73 86.36474609375 1.616746093749995
 196.97 83.73 114.8681640625 1.628164062500005
 225.541 83.73 143.341064453125 1.530064453125007
 248.39 83.73 166.015625 1.355625000000018
 282.585 83.73 200.286865234375 1.431865234375024
 311.999 83.73 229.827880859375 1.55888085937498
 323.448 83.73 241.0888671875 1.370867187500025


# name: E
# type: matrix
# rows: 22
# columns: 1
 0.6668339843750033
 1.256409179687509
 1.518501953124996
 1.479818359375003
 1.42515234375
 1.494787109375025
 1.504180664062517
 1.521574218750018
 1.495208984375026
 1.52036132812502
 1.610996093750018
 1.593630859375011
 1.51778320312502
 1.573417968750022
 1.655335937499999
 1.616746093749995
 1.628164062500005
 1.530064453125007
 1.355625000000018
 1.431865234375024
 1.55888085937498
 1.370867187500025


# name: ETA
# type: scalar
-0.0870000000000033


# name: TA
# type: matrix
# rows: 22
# columns: 1
 0.579833984375
 1.1444091796875
 1.739501953125
 2.288818359375
 2.86865234375
 5.706787109375
 8.5601806640625
 11.41357421875
 14.251708984375
 17.120361328125
 19.95849609375
 22.796630859375
 25.665283203125
 28.50341796875
 57.0068359375
 86.36474609375
 114.8681640625
 143.341064453125
 166.015625
 200.286865234375
 229.827880859375
 241.0888671875


# name: TP
# type: matrix
# rows: 22
# columns: 1
 81.378
 81.378
 81.378
 81.378
 81.378
 82.55400000000002
 82.55400000000002
 82.55400000000002
 82.55400000000002
 82.55400000000002
 82.55400000000002
 82.55400000000002
 82.55400000000002
 82.55400000000002
 83.73
 83.73
 83.73
 83.73
 83.73
 83.73
 83.73
 83.73


# name: TR
# type: matrix
# rows: 22
# columns: 1
 81.291
 81.26599999999999
 81.599
 82.187
 82.8215
 86.76599999999999
 89.61
 92.446
 95.31049999999999
 98.154
 100.9015
 103.757
 106.7015
 109.484
 139.0815
 168.478
 196.97
 225.541
 248.39
 282.585
 311.999
 323.448


# name: ans
# type: scalar
241.119384765625


# name: e
# type: scalar
1.355625000000018


# name: tA
# type: scalar
166.015625


# name: tP
# type: scalar
83.73


# name: tR
# type: scalar
248.39


# name: vl0_8ms
# type: matrix
# rows: 1
# columns: 46
 81.35899999999999 81.29600000000001 81.36499999999999 81.157 81.41 81.051 81.84699999999999 81.40900000000001 81.773 81.377 81.13500000000001 81.041 81.167 81.48 81.229 81.352 81.851 81.52200000000001 81.372 80.8 81.17 81.25700000000001 81.161 78.009 81.286 81.122 81.15000000000001 81.238 81.41500000000001 80.941 79.104 81.639 82.64700000000001 81.236 81.36199999999999 81.208 80.99299999999999 81.95 81.08 81.432 81.44499999999999 81.009 81.68300000000001 81.146 81.456 81.306


# name: vl114_9ms
# type: matrix
# rows: 1
# columns: 44
 80.262 80.202 80.414 197.064 196.862 196.872 196.99 197.062 197.283 197.139 197.092 197.111 196.98 197.187 196.851 196.877 197.17 196.939 196.89 196.909 196.804 196.766 197.06 196.836 196.887 196.853 196.804 197.134 196.975 197.238 196.949 197.329 197.104 197.003 197.059 196.991 196.924 196.912 196.855 196.943 196.965 197.067 196.981 197.099


# name: vl11_4ms
# type: matrix
# rows: 1
# columns: 50
 92.18600000000001 92.31 92.36199999999999 93.029 92.655 92.84 92.44499999999999 92.489 92.271 92.53100000000001 92.196 92.739 92.193 92.345 92.357 92.331 93.03 92.30200000000001 92.47499999999999 92.58499999999999 92.313 93.009 92.562 92.369 92.333 92.503 92.768 92.535 92.492 92.325 92.364 92.398 92.48999999999999 377.397 92.31100000000001 92.59 92.447 92.221 92.316 92.22199999999999 92.26600000000001 92.46299999999999 92.387 92.285 92.67400000000001 92.88800000000001 92.982 92.48 92.608 92.438


# name: vl143_3ms
# type: matrix
# rows: 1
# columns: 44
 225.675 225.392 225.722 225.576 225.358 225.388 225.977 225.513 225.487 226.032 225.4 225.394 225.878 225.479 225.309 225.442 225.675 225.291 225.366 225.579 225.667 225.308 225.313 225.552 225.602 225.575 225.474 225.496 225.598 225.298 225.421 225.536 225.583 225.821 225.71 225.546 225.446 225.745 225.989 225.665 225.636 225.796 225.197 225.35


# name: vl14_3ms
# type: matrix
# rows: 1
# columns: 54
 95.39 95.294 95.432 94.991 95.395 95.181 95.13800000000001 95.279 95.351 95.43600000000001 95.465 95.196 95.29000000000001 95.23399999999999 95.02500000000001 95.45399999999999 95.252 95.301 94.611 95.09 95.276 95.354 95.447 95.30500000000001 95.17 95.38500000000001 95.21299999999999 95.40900000000001 95.447 95.378 95.312 95.191 95.345 94.93300000000001 95.43300000000001 95.27200000000001 95.495 96.255 95.40300000000001 95.309 95.08499999999999 95.259 95.18300000000001 95.44199999999999 95.27800000000001 95.196 95.402 95.279 95.45999999999999 95.48399999999999 95.521 95.318 95.93899999999999 95.75


# name: vl166_0ms
# type: matrix
# rows: 1
# columns: 221
 248.649 248.487 247.935 248.259 248.159 248.501 248.276 248.399 248.355 248.217 248.139 248.065 248.478 248.123 248.066 248.243 248.261 248.314 248.369 248.248 248.423 248.476 248.319 248.354 248.286 248.408 248.363 248.335 248.31 248.005 248.55 248.615 248.116 248.304 248.604 248.96 248.307 248.804 248.472 248.419 247.933 248.161 248.416 248.694 248.903 248.297 248.508 248.625 248.271 248.955 248.39 248.653 248.631 248.628 248.566 248.327 248.537 248.177 248.112 248.293 248.292 248.535 248.079 248.338 248.125 248.353 248.601 248.337 248.605 248.683 249.25 248.57 248.265 248.975 248.619 248.408 249.901 248.357 248.556 248.375 248.608 248.763 248.542 248.607 248.404 248.559 248.357 248.263 248.455 248.174 248.149 248.281 248.523 248.266 248.08 248.364 248.367 247.91 248.164 248.196 248.25 248.087 248.396 248.895 248.305 248.318 248.235 248.365 504.276 241.043 248.423 248.452 248.53 248.389 248.466 248.27 248.428 248.878 248.278 248.165 248.306 248.73 248.416 248.442 248.522 248.378 248.423 248.123 248.19 248.275 248.871 248.125 248.328 248.247 248.229 248.301 248.54 248.592 248.369 248.58 248.513 248.407 248.331 248.087 248.128 248.321 248.403 248.046 248.39 248.55 248.44 248.862 248.334 248.609 248.636 248.394 248.223 248.474 248.359 248.528 248.432 248.245 248.48 248.435 248.27 248.301 248.271 248.109 248.368 248.267 248.613 248.475 248.732 248.586 248.412 248.576 248.472 248.5 248.408 248.56 248.776 248.514 248.269 248.5 248.734 248.237 248.612 248.458 248.198 248.671 248.259 248.486 248.295 248.226 248.315 248.284 248.327 248.469 248.843 248.498 248.451 248.138 248.499 248.277 248.578 248.707 248.255 248.534 248.535 249.237 248.244 248.469 248.15 248.615 248.234 248.286 248.585 248.098 248.651 248.216 248.355


# name: vl171_2ms
# type: matrix
# rows: 1
# columns: 72
 254.757 255.124 254.408 254.706 254.598 254.318 253.877 254.546 254.178 253.799 254.724 254.153 254.654 254.204 254.487 254.546 254.15 254.896 255.335 254.373 255.007 253.935 254.791 254.07 254.243 254.742 254.43 254.708 254.025 254.782 255.356 254.005 254.724 254.718 254.394 254.707 254.17 254.879 254.927 254.554 254.746 255.03 254.731 254.045 254.2 255.097 254.101 254.039 254.656 255.396 254.24 254.713 254.257 254.366 254.788 254.182 254.469 254.235 254.132 254.901 254.194 254.831 254.097 254.482 254.421 255.254 254.093 254.849 254.067 254.699 254.159 254.294


# name: vl17_1ms
# type: matrix
# rows: 1
# columns: 59
 98.226 98.154 98.08799999999999 98.36499999999999 98.255 98.59 98.39 98.03 98.54600000000001 98.351 98.258 98.155 97.988 98.184 98.26900000000001 98.38800000000001 98.075 97.961 98.38200000000001 98.044 97.877 98.12 98.63500000000001 97.935 98.143 98.029 98.11499999999999 98.053 98.105 98.10899999999999 98.324 98.277 98.304 97.953 98.2 98.038 98.3 98.554 98.127 98.248 97.854 98.07299999999999 97.848 97.959 97.877 98.304 97.907 98.244 98.002 98.21899999999999 98.04300000000001 98.25 98.10899999999999 98.752 98.751 98.408 98.405 98.148 98.07899999999999


# name: vl1_1ms
# type: matrix
# rows: 1
# columns: 70
 80.313 80.44 80.26300000000001 81.221 81.36499999999999 81.22199999999999 81.706 81.04300000000001 81.28 81.651 79.861 81.401 81.042 80.23999999999999 81.20399999999999 81.152 79.878 80.203 80.136 81.374 81.405 80.794 81.40300000000001 81.312 80.414 81.803 81.286 81.039 81.17700000000001 81.43899999999999 81.44499999999999 81.65600000000001 81.288 81.51600000000001 81.38 81.14400000000001 81.31999999999999 81.22799999999999 81.12 82.15900000000001 81.264 81.182 82.166 81.248 81.381 81.182 81.434 81.128 81.378 81.301 81.23 81.26000000000001 82.68600000000001 81.22199999999999 81.333 81.119 81.30200000000001 81.22799999999999 81.268 71.01000000000001 81.45099999999999 81.279 81.313 81.55500000000001 81.23399999999999 80.07599999999999 81.315 86.10299999999999 82.315 79.69499999999999


# name: vl1_7ms
# type: matrix
# rows: 1
# columns: 41
 80.07899999999999 80.148 80.086 81.459 81.584 81.648 81.628 82.086 81.84699999999999 81.846 81.261 81.384 81.84 80.42 81.587 81.693 81.464 81.309 81.599 82.041 81.754 81.495 81.556 81.572 81.511 81.73999999999999 81.476 82.154 81.607 81.639 81.63800000000001 81.57299999999999 79.107 81.565 81.95399999999999 81.73399999999999 81.637 82.03700000000001 81.95699999999999 81.486 81.60299999999999


# name: vl200_3ms
# type: matrix
# rows: 1
# columns: 66
 283.054 282.449 282.663 282.463 283.178 282.902 282.502 282.636 282.446 282.509 282.513 282.736 282.671 282.518 282.504 282.721 282.524 282.619 282.404 282.592 282.636 282.626 282.663 282.562 282.269 282.371 282.61 282.578 282.364 282.408 282.532 282.531 282.546 282.571 282.422 282.785 282.624 282.425 282.626 282.67 282.445 282.696 282.594 282.334 282.533 282.751 282.62 282.708 282.603 282.552 283.02 282.632 282.674 282.494 282.33 282.289 282.8 282.367 282.887 282.897 282.521 282.686 282.485 282.64 282.684 282.537


# name: vl20_0ms
# type: matrix
# rows: 1
# columns: 48
 100.868 252.833 100.93 100.832 100.879 100.887 100.828 101.508 100.905 101.036 100.837 101.015 101.074 101.007 100.811 101.506 100.887 101.235 100.81 100.845 100.916 100.898 100.936 100.724 100.841 101.072 100.774 100.909 101.054 100.878 100.935 100.961 100.506 101.068 101.665 100.844 100.861 100.93 100.895 101.54 100.945 100.856 100.835 100.806 100.883 100.782 100.927 100.913


# name: vl229_8ms
# type: matrix
# rows: 1
# columns: 47
 80.246 80.319 312.159 311.945 311.924 312.257 312.293 312.076 311.999 311.911 312.341 311.852 312.146 311.965 311.964 311.925 311.927 311.976 312.1 311.95 312.033 311.994 311.909 312.007 311.897 187.977 312.033 312.248 312.209 312.022 312.052 311.917 312.002 312.015 312.115 311.759 311.915 311.969 312.193 312.021 311.891 312.002 311.923 312.043 312.005 312.158 311.993


# name: vl22_8ms
# type: matrix
# rows: 1
# columns: 39
 103.725 103.68 103.979 103.481 103.182 103.762 103.389 103.666 103.763 103.864 103.846 103.492 103.864 103.737 103.771 104.025 103.775 103.757 103.71 103.864 103.809 103.718 103.79 103.936 103.561 103.604 103.62 103.923 103.697 103.865 103.486 103.896 103.566 103.718 104.15 103.815 103.57 103.781 103.653


# name: vl241_1ms
# type: matrix
# rows: 1
# columns: 55
 323.547 323.745 323.418 323.771 323.15 323.124 323.111 323.923 323.5 323.243 323.52 323.913 323.661 323.366 323.491 323.674 323.366 323.418 323.205 323.444 324.067 323.147 323.503 323.336 323.734 323.307 323.229 323.185 323.22 323.859 323.543 323.148 323.481 323.539 323.392 323.235 323.066 323.609 323.394 323.485 323.638 323.157 323.844 323.746 323.343 323.44 323.522 323.671 323.268 323.232 323.867 323.188 323.605 323.459 323.448


# name: vl258_2ms
# type: matrix
# rows: 1
# columns: 64
 340.498 340.32 340.766 340.74 340.51 340.74 340.791 340.158 340.849 340.818 340.71 340.583 340.834 340.51 340.415 340.873 340.42 340.74 340.587 340.316 340.82 340.689 340.585 340.358 340.596 340.592 341.164 340.526 340.634 340.734 340.522 340.764 340.446 340.726 340.653 340.511 629.37 340.596 340.272 340.601 340.512 340.44 340.682 340.633 340.892 340.242 340.437 340.374 340.729 340.477 340.441 340.368 340.781 340.162 340.877 340.634 340.784 341.112 340.445 341.015 340.505 340.487 340.696 340.619


# name: vl25_7ms
# type: matrix
# rows: 1
# columns: 42
 106.962 106.803 106.698 106.735 106.818 106.936 106.75 106.555 106.77 106.8 106.91 106.777 106.727 106.385 107.179 106.545 106.728 106.747 107.099 106.605 106.602 106.81 106.678 106.384 106.582 106.254 106.61 106.693 106.538 106.593 106.284 106.577 106.907 106.368 106.732 106.761 106.427 106.705 503.958 106.621 106.675 106.467


# name: vl28_5ms
# type: matrix
# rows: 1
# columns: 39
 109.321 109.661 109.437 109.605 109.446 109.642 109.564 109.252 109.663 109.521 109.434 109.802 109.449 109.495 109.576 109.981 109.745 109.628 109.621 109.488 109.286 109.425 109.484 109.438 109.277 109.474 109.22 109.352 109.194 109.541 109.188 109.679 109.654 109.245 109.484 109.514 109.447 109.378 109.651


# name: vl2_3ms
# type: matrix
# rows: 1
# columns: 55
 82.05200000000001 81.944 82.294 82.46599999999999 82.17 82.215 80.812 77.539 80.178 82.179 82.59699999999999 82.562 82.121 82.328 82.239 81.136 82.27 82.413 82.072 82.17 82.268 82.268 82.444 82.462 82.184 82.47499999999999 82.166 82.324 82.157 82.417 82.383 82.10899999999999 82.148 82.241 82.187 82.143 82.78100000000001 81.965 81.04000000000001 82.249 82.119 82.218 81.877 82.137 82.89400000000001 82.879 82.721 82.047 82.458 81.932 82.319 81.932 81.533 82.378 82.14100000000001


# name: vl2_9ms
# type: matrix
# rows: 1
# columns: 28
 83.199 82.736 82.869 82.827 82.599 82.907 83.05 82.86799999999999 82.492 82.43300000000001 82.715 83.22 82.488 82.879 82.998 82.88800000000001 82.91 82.654 82.577 82.925 82.51900000000001 82.858 82.816 82.709 82.696 82.64 82.72 83.08499999999999


# name: vl57_0ms
# type: matrix
# rows: 1
# columns: 44
 139.143 378.777 139.476 139.953 139.306 138.968 139.014 139.379 139.004 139 139.053 138.969 139.195 139.127 139.065 139.132 139.047 139.082 138.955 138.892 139.07 139.061 138.923 139.261 139.108 139.075 139.01 139.023 139.353 138.985 138.974 139.446 139.148 138.995 139.825 139.103 139.129 139.418 139.247 139.081 138.974 139.092 139.056 139.384


# name: vl5_7ms
# type: matrix
# rows: 1
# columns: 48
 86.785 86.688 86.756 86.79900000000001 86.72499999999999 87.059 86.70999999999999 86.895 86.59999999999999 86.845 87.06999999999999 86.57599999999999 86.871 86.93300000000001 86.691 86.91 87.557 86.54300000000001 87.002 86.79300000000001 86.786 86.843 86.55800000000001 87.143 86.678 86.634 86.69799999999999 86.812 86.78 86.678 86.648 86.82599999999999 86.61 86.571 86.661 86.697 378.404 86.776 86.858 86.747 86.756 86.73399999999999 87.289 86.64400000000001 86.59 86.63800000000001 87.477 86.788


# name: vl86_4ms
# type: matrix
# rows: 1
# columns: 52
 168.934 168.395 169.153 168.643 168.032 168.301 168.291 168.523 168.612 168.336 168.5 168.539 168.259 168.406 168.871 168.477 168.633 168.444 168.245 168.646 168.48 168.501 168.205 168.308 168.524 168.393 506.144 168.506 168.406 168.253 168.458 168.444 168.501 168.178 168.479 168.339 168.725 168.526 168.214 168.562 100.005 146.857 168.334 168.324 168.527 168.195 168.89 168.834 168.961 168.935 168.267 168.869


# name: vl8_6ms
# type: matrix
# rows: 1
# columns: 53
 89.804 89.595 89.81999999999999 89.803 89.462 89.751 89.346 89.483 89.794 90.003 89.57599999999999 89.66500000000001 89.87 90.045 89.375 89.471 89.425 89.40600000000001 89.71599999999999 89.587 89.765 89.626 89.67400000000001 89.758 89.977 89.35299999999999 89.514 89.839 379.101 89.645 89.60899999999999 89.73999999999999 89.523 89.51900000000001 89.63500000000001 89.61 89.432 89.539 89.863 89.61799999999999 89.545 89.80800000000001 89.879 89.59 89.31999999999999 89.54600000000001 89.47199999999999 89.45 89.508 89.59 89.414 89.65900000000001 89.616


