# Created by Octave 3.8.2, Tue Mar 29 16:09:49 2016 BST <yy12135@salties>
# name: helloworld_1
# type: matrix
# rows: 1
# columns: 633
 166.193 59.393 238.712 247.847 159.842 124.253 124.306 120.379 200.309 249.677 128.601 156.668 227.177 214.566 252.233 116.113 251.239 123.533 249.762 243.155 190.064 254.12 128.485 168.951 247.195 45.824 250.838 214.437 126.503 143.79 127.976 143.998 159.808 145.655 128.385 48.367 130.54 194.56 121.257 127.603 132.763 246.32 247.721 144.475 197.609 254.273 154.696 170.571 126.034 243.985 155.169 156.208 236.927 246.705 253.438 110.928 51.6 97.943 248.096 244.099 120.326 120.141 246.354 192.34 127.423 128.034 151.47 38.454 176.683 132.901 164.108 224.412 136.3 52.116 130.949 162.693 148.935 236.906 246.725 246.953 142.44 252.851 181.771 213.33 143.014 129.126 136.567 128.011 65.851 250.211 250.974 237.417 247.012 75.60599999999999 126.996 246.865 126.96 211.375 122.576 155.213 18.212 203.609 122.888 130.62 128.616 131.906 250.344 133.953 252.349 242.215 135.325 166.825 232.099 248.28 249.222 131.983 249.868 251.882 188.502 165.725 126.609 167.666 51.255 129.589 157.445 204.59 144.193 128.567 123.164 102.973 135.942 248.347 132.012 204.047 243.758 53.873 244.514 248.077 253.08 102.652 249.31 245.564 77.496 237.442 124.013 127.858 248.203 249.966 129.222 164.639 251.434 244.062 244.865 64.83499999999999 232.574 226.368 17.159 243.912 126.664 198.002 202.931 246.835 51.828 217.527 235.238 182.935 214.18 254.78 15.268 141.17 238.689 54.162 249.039 242.838 33.988 210.683 244.421 238.966 225.791 211.55 245.951 248.579 91.95999999999999 124.032 252.209 59.258 127.275 142.876 94.09099999999999 479.709 245.431 26.943 246.773 130.859 216.437 248.965 58.227 169.226 65.672 117.119 127.401 127.688 179.415 134.949 17.712 248.442 128.871 125.092 251.579 253.805 253.846 125.748 214.922 73.393 183.044 253.396 129.063 230.784 128.733 192.818 119.251 131.561 125.064 33.921 195.785 35.078 255.097 152.305 255.207 32.445 166.602 247.862 249.665 178.25 142.48 251.889 72.92700000000001 237.146 247.064 84.605 128.077 154.552 139.889 165.182 158.307 252.963 120.061 144.343 115.111 247.9 127.727 76.947 147.798 122.759 197.957 126.034 251.09 245.666 255.289 239.939 249.597 173.632 245.219 168.546 221.239 50.25 209.991 128.813 242.267 213.667 127.999 152.204 160.769 248.223 246.997 241.921 95.184 223.722 248.873 210.551 149.607 64.054 249.118 51.406 55.606 191.461 241.435 250.912 251.513 133.946 173.465 87.67 73.575 241.925 129.461 196.415 160.037 254.09 127.172 129.186 200.903 249.128 156.006 251.579 245.198 246.435 161.612 250.696 243.622 182.118 241.853 249.271 20.931 136.944 30.266 152.118 191.623 246.703 247.845 95.633 128.854 74.133 226.351 209.414 224.277 69.36 210.361 230.112 54.85 158.948 134.306 142.203 197.391 245.601 50.59 254.178 153.995 256.641 256.48 172.118 210.518 243.25 243.921 185.03 129.155 199.71 123.678 187.907 188.73 136.14 190.962 191.317 161.36 240.768 191.457 248.711 242.03 242.624 243.557 252.059 245.228 255.304 127.575 86.024 128.504 244.875 245.321 128.313 213.938 127.933 127.713 200.577 112.982 128.891 253.036 127.534 135.529 134.219 99.104 249.13 250.691 133.059 243.944 79.94799999999999 63.453 68.77500000000001 115.406 127.641 127.347 50.534 135.683 159.554 136.791 133.877 144.603 128.978 129.989 137.83 133.928 196.244 204.184 127.963 230.976 126.255 138.088 248.88 134.57 197.326 181.52 127.405 182.539 167.191 20.386 128.116 126.935 129.033 215.107 255.263 178.992 47.077 22.774 111.002 242.451 239.924 251.36 130.435 128.722 156.652 245.8 53.55 248 128.38 256.145 155.072 129.36 174.153 213.313 244.972 186.347 242.186 250.706 250.864 243.901 244.951 191.581 249.208 243.13 251.349 245.628 162.279 144.646 144.918 247.224 248.103 163.614 130.044 214.106 128.879 246.314 145.421 169.538 112.501 234.494 172.371 243.129 18.28 182.698 238.844 124.584 185.57 150.279 130.286 252.48 206.364 129.277 128.997 127.474 179.2 127.457 199.96 163.368 128.237 202.197 48.51 249.316 126.851 86.946 176.783 204.887 253.307 120.813 84.285 183.97 122.808 145.884 47.392 213.305 253.493 160.728 232.016 244.41 250.933 136.944 251.636 65.95099999999999 410.049 78.071 191.464 133.016 249.979 46.993 252.03 244.495 129.976 253.123 171.603 184.938 75.84 209.74 93.852 150.301 198.481 64.105 237.091 128.755 109.214 250.647 125.99 152.412 127.006 248.639 217.791 153.318 128.603 173.144 251.569 157.518 171.006 131.791 252.954 110.547 167.589 176.338 248.231 123.876 248.754 130.116 211.179 157.102 150.613 244.951 159.771 246.795 81.83499999999999 186.073 248.918 244.005 188.005 204.101 127.974 143.852 202.621 155.865 254.496 112.715 244.164 116.485 167.681 230.78 168.73 123.627 254.291 128.896 238.703 154.271 127.779 149.382 252.455 127.398 186.258 183.923 224.098 248.657 70.08799999999999 129.435 205.253 165.883 128.477 199.574 22.209 449.881 126.899 201.04 45.932 202.837 148.071 158.042 252.335 127.649 127.739 174.844 199.151 16.553 131.67 222.709 59.495 169.968 162.222 71.986 161.319 124.807 162.059 144.314 255.08 128.944 249.663 250.42 174.248 234.081 253.46 191.658 222.913 37.184 240.037 128.767 165.494 244.788 254.086 184.845 248.75 170.959 180.309 220.024


# name: helloworld_2
# type: matrix
# rows: 1
# columns: 682
 129.736 124.219 253.57 29.706 184.716 127.99 129.318 82.577 151.622 159.497 248.491 124.433 114.491 42.366 245.716 126.595 127.122 171.402 179.296 151.253 130.847 245.401 182.25 145.387 240.649 22.016 148.978 253.202 89.562 128.547 74.8 24.281 205.989 106.667 199.959 215.518 185.659 150.151 155.908 128.722 187.328 251.745 119.877 245.27 160.031 127.078 162.415 170.795 243.35 35.795 187.901 141.72 133.365 198.135 246.696 94.997 247.471 250.379 197.578 251.044 127.033 252.309 174.991 206.788 131.643 249.156 179.025 242.049 180.428 251.104 129.472 247.381 123.348 127.736 250.046 149.15 248.342 124.279 194.842 150.355 72.682 84.676 105.121 123.738 42.972 166.968 215.15 54.038 252.005 245.542 98.15900000000001 247.271 52.752 252.213 159.338 143.987 254.832 25.453 218.753 187.409 125.819 74.26000000000001 245.688 67.88 189.973 124.901 51.759 128.479 242.347 161.16 127.957 61.806 253.991 128.864 130.033 130.149 238.682 252.437 128.718 129.303 129.026 247.22 255.511 208.864 257.169 179.108 250.755 25.899 126.903 174.573 198.07 190.126 245.806 192.003 125.966 247.942 248.135 128.667 203.317 128.11 235.723 250.684 159.05 128.54 223.032 251.951 91.84099999999999 124.657 250.707 173.923 234.805 212.935 136.054 68.05200000000001 129.308 255.208 129.558 128.122 186.568 250.033 134.264 228.674 151.572 127.964 130 177.148 240.702 254.268 172.774 243.979 252.674 22.478 191.147 224.297 87.57299999999999 45.903 253.943 243.965 43.963 17.275 228.891 174.089 245.594 175.721 129.08 183.917 125.786 137.553 216.199 95.02 248.835 133.522 251.11 84.268 131.861 216.687 246.514 138.557 123.327 247.573 181.602 175.523 58.852 238.729 171.166 243.655 253.185 107.878 128.271 157.104 36.971 154.373 246.31 241.531 88.999 32.918 229.269 129.196 52.273 129.091 126.909 130.962 241.904 127.836 214.397 253.832 130.523 201.125 35.629 121.825 126.557 120.207 162.689 126.846 253.122 136.442 161.043 123.452 170.871 249.271 128.985 219.474 244.922 216.039 120.331 250.656 243.655 127.39 240.696 93.503 251.198 180.214 187.649 125.326 120.484 17.109 128.37 175.076 137.052 23.818 26.314 242.802 127.884 79.125 127.419 247.163 119.888 127.832 126.87 249.851 1131.901 246.465 133.962 129.437 208.467 247.506 142.371 69.215 74.51600000000001 238.316 160.098 23.676 250.096 181.05 152.516 250.013 133.367 129.364 149.29 48.03 191.287 128.038 115.21 246.198 128.619 210.123 171.662 241.969 164.895 183.168 133.535 127.681 182.341 205.529 165.375 127.97 402.745 199.352 137.647 241.944 250.618 47.119 170.071 253.075 128.284 41.781 256.711 125.275 192.523 246.662 182.625 176.847 200.415 250.31 184.76 130.858 148.149 226.693 244.127 253.675 253.406 128.427 60.649 129.682 161.283 240.857 121.165 30.203 172.812 215.493 247.785 139.914 85.233 251.678 254.352 154.918 132.578 217.327 129.204 135.046 129.798 168.816 131.005 207.627 252.431 164.321 131.459 153.813 177.824 15.975 83.714 126.09 128.704 172.614 118.317 127.046 167.871 128.059 146.308 128.688 128.129 17.678 178.341 214.904 81.83 128.65 148.122 127.868 179.029 127.489 240.28 130.182 205.273 63.309 246.543 127.821 59.687 194.353 55.943 253.114 137.794 128.146 152.927 246.974 192.449 248.842 129.122 216.824 132.42 125.183 33.616 244.847 247.111 132.325 93.87 134.12 251.767 121.361 176.031 127.194 202.298 24.581 159.422 254.831 177.681 242.032 248.356 143.712 153.002 96.071 132.827 133.51 150.013 127.486 34.889 206.703 246.694 161.951 242.336 244.433 167.796 53.477 188.474 243.884 199.147 131.629 170.774 255.805 241.065 241.761 250.969 183.216 247.069 100.324 138.719 123.121 241.946 126.696 250.067 127.649 184.465 137.547 105.422 232.277 125.86 51.957 50.482 124.315 144.442 240.219 210.128 23.076 172.776 98.04900000000001 15.867 158.078 120.063 75.60299999999999 189.698 148.627 145.548 127.462 129.443 170.705 182.435 208.714 129.642 36.864 126.085 131.506 128.403 162.866 499.342 117.949 401.772 198.187 240.831 130.863 29.217 124.381 130.992 249.933 250.306 243.691 167.036 247.865 253.68 128.31 250.715 236.956 167.322 184.598 250.796 115.938 49.766 243.18 128.831 129.616 129.08 37.378 128.778 25.222 130.836 130.068 156.718 130.496 130.484 120.904 184.12 247.335 250.837 125.505 183.74 208.137 247.984 233.748 171.689 242.323 111.671 92.28400000000001 198.155 85.712 248.963 249.397 159.713 248.096 226.211 243.509 159.536 191.817 247.765 128.041 242.085 144.27 256.383 130.073 177.617 186.378 250.874 244.435 246.021 248.563 225.545 243.325 128.041 167.094 254.452 129.807 161.503 184.932 131.547 131 242.138 125.395 142.051 236.134 128.287 167.68 129.39 153.018 19.883 137.443 248.125 120.285 131.295 241.475 250.727 123.14 128.032 155.825 126.825 129.18 132.956 135.391 159.698 130.802 132.495 384.778 92.843 122.312 35.669 129.805 125.34 204.21 127.481 197.888 125.107 135.651 125.093 103.894 231.246 64.89 138.35 225.097 146.957 217.227 241.776 180.524 172.814 120.1 245.328 251.296 92.32599999999999 249.829 129.679 375.698 245.07 254.554 87.05 125.115 96.229 252.724 253.884 223.048 144.99 247.865 242.068 244.641 245.001 177.815 253.471 70.646 125.583 204.088 181.506 126.88 127.857 81.122 144.142 136.67 185.016 240.238 164.317 147.703 240.977 140.712 242.984 252.265 131.292 123.955 252.398 68.12 126.836 248.211 226.465 127.712 234.401 173.692 152.152 133.26 125.6 134.592 135.987 31.704 248.837 252.266 128.653 144.446 66.339 207.845 17.326 184.664 111.571 248.08 248.239 179.296 175.057 253.783 247.56 241.926 252.385 245.907


