# Created by Octave 3.8.2, Tue Apr 26 11:16:21 2016 BST <yy12135@salties>
# name: ans
# type: matrix
# rows: 2580
# columns: 3
 285750 80 0
 290173 80 3
 286831 82 8
 288903 82 0
 288504 84 0
 288430 88 2
 294799 90 9
 294928 92 3
 296774 92 5
 296965 92 0
 297336 94 4
 297775 94 4
 298434 94 1
 298676 94 1
 291231 96 0
 295186 96 6
 300787 96 6
 298827 98 1
 300712 98 0
 300913 98 0
 302013 98 2
 302207 98 9
 302017 100 2
 302646 100 0
 303323 100 1
 304508 100 0
 297423 102 0
 304630 102 0
 307561 102 1
 304650 104 0
 304976 104 5
 305477 104 4
 305865 104 2
 305891 104 0
 306322 104 0
 306980 104 0
 307097 104 0
 307611 104 1
 300835 106 0
 304111 106 0
 305087 106 0
 305833 106 6
 306389 106 0
 307077 106 0
 307286 106 0
 307390 106 2
 307645 106 1
 307894 106 11
 308174 106 0
 308628 106 0
 308648 106 1
 311024 106 5
 305749 108 0
 306177 108 1
 306564 108 0
 306603 108 1
 306612 108 1
 306955 108 1
 307301 108 2
 307372 108 9
 307686 108 4
 308298 108 1
 308776 108 5
 308996 108 1
 309218 108 1
 309401 108 1
 309454 108 0
 309519 108 0
 309562 108 0
 309746 108 2
 310022 108 1
 310569 108 1
 310589 108 0
 310661 108 2
 310705 108 0
 311349 108 1
 311730 108 0
 312310 108 0
 306979 110 0
 308130 110 0
 308312 110 1
 308559 110 0
 308914 110 0
 309350 110 2
 309581 110 1
 309860 110 0
 310059 110 1
 310424 110 0
 310459 110 1
 310543 110 1
 310875 110 0
 310946 110 1
 310949 110 4
 311268 110 1
 311351 110 1
 311368 110 0
 312046 110 0
 312432 110 1
 312512 110 0
 312891 110 1
 313065 110 0
 313692 110 0
 313786 110 0
 308489 112 1
 308748 112 0
 309199 112 0
 309729 112 0
 309792 112 0
 309912 112 1
 309948 112 1
 309960 112 1
 310977 112 2
 311396 112 1
 311434 112 0
 311624 112 1
 311854 112 0
 311974 112 3
 312002 112 6
 312042 112 3
 312189 112 0
 312189 112 1
 312222 112 1
 312311 112 1
 312463 112 2
 312490 112 0
 312605 112 0
 312699 112 0
 312876 112 2
 312979 112 0
 313048 112 0
 313077 112 2
 313135 112 3
 313139 112 4
 313360 112 8
 313409 112 1
 313575 112 0
 313812 112 1
 313976 112 0
 314052 112 2
 314060 112 2
 314116 112 0
 315475 112 1
 310443 114 0
 310705 114 2
 310739 114 2
 311336 114 0
 311354 114 1
 311468 114 1
 311693 114 3
 311774 114 1
 312095 114 2
 312103 114 0
 312132 114 0
 312150 114 1
 312180 114 0
 312353 114 0
 312581 114 0
 312599 114 2
 312723 114 0
 312793 114 0
 312853 114 2
 312856 114 0
 312912 114 4
 312964 114 1
 312993 114 0
 313015 114 0
 313050 114 0
 313199 114 0
 313239 114 2
 313261 114 0
 313280 114 2
 313361 114 0
 313418 114 1
 313461 114 0
 313491 114 1
 313502 114 5
 313523 114 1
 313524 114 0
 313536 114 1
 313572 114 0
 313676 114 2
 313768 114 1
 313838 114 4
 313856 114 1
 313859 114 2
 313921 114 2
 313921 114 0
 313959 114 0
 314036 114 1
 314112 114 0
 314340 114 0
 314596 114 0
 314612 114 4
 314629 114 0
 314664 114 1
 314856 114 0
 314976 114 0
 315140 114 1
 315243 114 0
 315259 114 0
 315296 114 1
 315451 114 0
 315504 114 1
 315514 114 3
 315536 114 1
 315749 114 2
 315880 114 5
 316225 114 0
 316840 114 1
 316895 114 0
 310408 116 6
 311095 116 1
 311388 116 0
 311490 116 1
 311843 116 1
 312421 116 4
 312454 116 0
 312496 116 2
 312604 116 1
 312648 116 5
 312692 116 3
 313047 116 0
 313193 116 0
 313268 116 6
 313491 116 0
 313583 116 1
 313608 116 0
 313862 116 0
 313900 116 0
 313909 116 0
 313910 116 0
 314027 116 1
 314072 116 0
 314162 116 1
 314186 116 0
 314308 116 1
 314375 116 2
 314519 116 2
 314552 116 0
 314628 116 0
 314700 116 0
 314798 116 0
 314798 116 0
 314805 116 1
 314806 116 0
 315024 116 0
 315146 116 0
 315162 116 3
 315180 116 6
 315200 116 0
 315220 116 0
 315259 116 0
 315260 116 0
 315396 116 2
 315399 116 5
 315405 116 0
 315454 116 1
 315503 116 0
 315554 116 0
 315559 116 6
 315616 116 0
 315629 116 1
 315669 116 4
 315673 116 0
 315708 116 1
 315815 116 3
 315828 116 0
 315842 116 0
 315937 116 0
 315998 116 0
 316035 116 0
 316040 116 0
 316049 116 3
 316105 116 0
 316201 116 3
 316413 116 0
 316460 116 0
 316850 116 2
 316908 116 2
 317590 116 0
 317638 116 1
 318440 116 4
 318510 116 0
 318747 116 1
 311497 118 0
 312823 118 2
 313028 118 0
 313407 118 2
 313421 118 0
 313443 118 0
 314015 118 1
 314063 118 1
 314240 118 1
 314378 118 0
 314771 118 0
 314781 118 1
 314794 118 2
 314938 118 0
 314993 118 1
 315013 118 1
 315128 118 0
 315457 118 1
 315519 118 4
 315711 118 1
 315744 118 0
 315851 118 0
 315937 118 4
 316021 118 2
 316047 118 3
 316132 118 3
 316134 118 2
 316152 118 0
 316249 118 2
 316276 118 4
 316295 118 0
 316391 118 2
 316419 118 0
 316453 118 0
 316454 118 1
 316477 118 0
 316543 118 2
 316576 118 3
 316612 118 1
 316651 118 2
 316651 118 0
 316745 118 2
 316806 118 0
 316916 118 3
 316939 118 0
 317033 118 1
 317082 118 1
 317135 118 0
 317142 118 0
 317192 118 1
 317239 118 3
 317265 118 0
 317267 118 0
 317275 118 0
 317299 118 0
 317355 118 0
 317398 118 0
 317440 118 1
 317476 118 1
 317480 118 1
 317482 118 0
 317523 118 0
 317534 118 3
 317573 118 3
 317623 118 0
 317735 118 1
 317771 118 0
 317790 118 7
 317962 118 1
 318329 118 1
 318355 118 1
 318410 118 0
 318426 118 1
 319157 118 2
 319219 118 9
 319458 118 4
 319465 118 1
 319566 118 0
 319598 118 6
 319743 118 0
 319774 118 1
 312584 120 0
 313433 120 1
 313548 120 1
 313803 120 0
 314917 120 0
 315373 120 0
 315612 120 3
 315815 120 0
 315943 120 0
 315959 120 0
 316071 120 0
 316562 120 0
 316575 120 1
 316643 120 5
 316847 120 1
 316872 120 0
 316984 120 0
 317096 120 0
 317106 120 0
 317202 120 2
 317211 120 3
 317268 120 0
 317277 120 0
 317326 120 0
 317474 120 0
 317522 120 3
 317529 120 0
 317595 120 0
 317616 120 5
 317744 120 2
 317773 120 1
 317816 120 0
 317850 120 1
 317931 120 0
 318003 120 0
 318034 120 1
 318035 120 0
 318049 120 0
 318068 120 4
 318091 120 1
 318094 120 0
 318105 120 0
 318129 120 0
 318152 120 2
 318172 120 1
 318214 120 4
 318233 120 5
 318240 120 0
 318287 120 0
 318292 120 0
 318313 120 0
 318344 120 2
 318454 120 0
 318489 120 0
 318490 120 0
 318513 120 1
 318544 120 1
 318545 120 1
 318575 120 2
 318596 120 0
 318680 120 1
 318750 120 1
 318811 120 0
 318833 120 0
 318888 120 1
 318953 120 3
 318994 120 0
 319071 120 4
 319122 120 1
 319216 120 2
 319278 120 6
 319295 120 0
 319299 120 1
 319333 120 0
 319338 120 5
 319356 120 0
 319360 120 0
 319403 120 6
 319413 120 4
 319456 120 1
 319516 120 3
 319525 120 0
 319627 120 4
 319802 120 4
 319887 120 0
 319898 120 0
 319938 120 0
 320046 120 0
 320091 120 0
 320124 120 1
 320126 120 2
 320181 120 0
 320224 120 0
 320232 120 1
 320290 120 0
 320387 120 0
 320534 120 1
 320767 120 0
 320786 120 3
 320818 120 1
 321059 120 0
 321127 120 0
 321279 120 2
 321508 120 0
 321566 120 0
 321587 120 0
 321614 120 3
 321752 120 1
 321856 120 0
 322178 120 1
 314256 122 2
 314453 122 1
 314775 122 3
 316095 122 2
 316103 122 0
 316146 122 0
 316147 122 3
 316746 122 4
 316850 122 0
 317022 122 2
 317065 122 0
 317212 122 1
 317286 122 3
 317409 122 0
 317413 122 0
 317663 122 0
 317683 122 1
 317776 122 0
 317986 122 0
 318019 122 3
 318044 122 0
 318106 122 1
 318120 122 1
 318194 122 2
 318196 122 1
 318204 122 2
 318258 122 2
 318277 122 0
 318280 122 0
 318326 122 0
 318374 122 0
 318453 122 1
 318513 122 0
 318558 122 2
 318561 122 0
 318583 122 1
 318625 122 1
 318675 122 0
 318680 122 2
 318705 122 3
 318732 122 0
 318736 122 2
 318743 122 0
 318811 122 1
 318845 122 0
 318888 122 0
 318998 122 1
 318999 122 1
 319023 122 2
 319035 122 0
 319055 122 3
 319114 122 0
 319118 122 1
 319132 122 0
 319137 122 2
 319152 122 2
 319209 122 1
 319248 122 0
 319258 122 0
 319268 122 2
 319283 122 1
 319318 122 2
 319339 122 1
 319346 122 0
 319355 122 1
 319361 122 3
 319381 122 1
 319397 122 1
 319419 122 0
 319426 122 3
 319433 122 0
 319440 122 0
 319494 122 3
 319495 122 0
 319517 122 1
 319541 122 1
 319573 122 1
 319591 122 0
 319599 122 1
 319629 122 2
 319653 122 0
 319653 122 0
 319733 122 1
 319751 122 2
 319772 122 0
 319790 122 1
 319803 122 2
 319842 122 0
 319848 122 3
 319901 122 1
 319933 122 2
 319937 122 0
 319942 122 1
 319962 122 1
 319963 122 0
 319994 122 0
 319998 122 2
 319999 122 0
 320010 122 0
 320026 122 3
 320030 122 3
 320039 122 1
 320071 122 5
 320091 122 0
 320125 122 3
 320175 122 1
 320180 122 0
 320193 122 0
 320200 122 1
 320213 122 1
 320263 122 1
 320281 122 1
 320299 122 6
 320378 122 0
 320396 122 0
 320396 122 1
 320439 122 0
 320584 122 0
 320606 122 0
 320647 122 1
 320750 122 3
 320757 122 2
 320762 122 2
 320771 122 1
 320826 122 0
 320962 122 2
 320974 122 0
 321015 122 1
 321115 122 2
 321233 122 5
 321275 122 0
 321284 122 0
 321345 122 1
 321406 122 0
 321426 122 0
 321527 122 5
 321693 122 0
 321754 122 1
 321782 122 9
 321797 122 0
 321891 122 1
 322225 122 0
 322227 122 1
 322372 122 2
 322421 122 2
 322511 122 0
 322660 122 0
 322678 122 0
 322927 122 1
 322962 122 1
 322992 122 0
 323334 122 2
 323488 122 0
 323611 122 6
 323886 122 2
 314054 124 2
 315343 124 8
 315832 124 0
 315959 124 0
 317158 124 0
 317716 124 2
 317949 124 0
 318173 124 0
 318175 124 0
 318208 124 0
 318457 124 1
 318595 124 1
 318764 124 1
 319161 124 0
 319424 124 2
 319441 124 1
 319607 124 0
 319682 124 7
 319696 124 1
 319701 124 2
 319717 124 2
 319760 124 0
 319771 124 1
 319805 124 1
 319819 124 2
 319908 124 0
 319919 124 0
 319985 124 0
 319994 124 1
 319995 124 1
 320000 124 0
 320058 124 0
 320066 124 0
 320103 124 4
 320108 124 0
 320111 124 2
 320155 124 0
 320159 124 2
 320190 124 0
 320203 124 2
 320282 124 6
 320317 124 2
 320396 124 0
 320409 124 2
 320429 124 5
 320447 124 0
 320509 124 2
 320513 124 2
 320515 124 4
 320537 124 1
 320543 124 0
 320664 124 0
 320704 124 4
 320791 124 0
 320806 124 5
 320829 124 4
 320873 124 0
 320881 124 0
 320885 124 2
 320913 124 0
 320920 124 0
 320931 124 0
 320955 124 0
 320961 124 1
 320969 124 2
 320982 124 2
 320994 124 1
 321030 124 0
 321048 124 0
 321092 124 2
 321195 124 3
 321214 124 0
 321217 124 0
 321219 124 0
 321225 124 0
 321233 124 1
 321259 124 0
 321264 124 1
 321280 124 0
 321330 124 0
 321338 124 0
 321349 124 5
 321379 124 1
 321394 124 0
 321432 124 1
 321448 124 1
 321485 124 0
 321545 124 1
 321546 124 1
 321575 124 1
 321584 124 2
 321597 124 0
 321661 124 0
 321685 124 1
 321694 124 0
 321697 124 0
 321698 124 2
 321715 124 0
 321721 124 1
 321731 124 0
 321735 124 2
 321742 124 0
 321744 124 0
 321758 124 2
 321776 124 0
 321790 124 0
 321809 124 1
 321810 124 0
 321811 124 0
 321883 124 0
 321897 124 1
 321915 124 0
 321928 124 0
 321932 124 1
 321948 124 2
 321966 124 1
 322000 124 1
 322029 124 0
 322043 124 2
 322048 124 7
 322057 124 0
 322070 124 1
 322103 124 0
 322116 124 0
 322127 124 1
 322132 124 1
 322139 124 1
 322186 124 0
 322211 124 1
 322231 124 0
 322236 124 1
 322264 124 1
 322274 124 1
 322282 124 0
 322341 124 4
 322355 124 5
 322387 124 2
 322463 124 1
 322513 124 1
 322516 124 0
 322639 124 0
 322666 124 1
 322717 124 1
 322727 124 0
 322733 124 0
 322750 124 1
 322812 124 3
 322846 124 1
 322869 124 3
 322874 124 0
 322890 124 1
 322892 124 0
 323051 124 0
 323069 124 1
 323094 124 1
 323098 124 1
 323098 124 2
 323099 124 0
 323110 124 0
 323111 124 4
 323164 124 4
 323211 124 2
 323230 124 0
 323265 124 1
 323282 124 0
 323294 124 0
 323314 124 0
 323339 124 1
 323370 124 0
 323447 124 0
 323619 124 0
 323748 124 0
 323805 124 3
 323900 124 3
 323930 124 1
 323970 124 0
 323993 124 1
 324199 124 3
 324243 124 2
 324244 124 0
 324260 124 2
 324287 124 0
 324305 124 2
 324321 124 2
 324341 124 1
 324373 124 0
 324464 124 0
 324561 124 0
 324573 124 1
 324594 124 0
 324611 124 3
 325003 124 0
 325194 124 0
 325228 124 4
 317144 126 0
 317153 126 2
 317484 126 0
 317574 126 0
 317899 126 3
 317956 126 2
 318006 126 0
 318098 126 3
 318228 126 2
 318564 126 4
 318616 126 0
 318626 126 0
 318887 126 3
 319736 126 2
 319750 126 1
 319842 126 0
 319946 126 3
 319977 126 0
 320291 126 0
 320324 126 1
 320357 126 0
 320438 126 0
 320447 126 3
 320561 126 1
 320637 126 0
 320656 126 0
 320714 126 2
 320715 126 0
 320770 126 1
 320786 126 1
 320854 126 0
 320864 126 1
 320919 126 0
 321093 126 0
 321104 126 0
 321122 126 0
 321151 126 0
 321163 126 2
 321226 126 2
 321234 126 0
 321262 126 0
 321320 126 2
 321403 126 2
 321423 126 0
 321424 126 0
 321432 126 1
 321453 126 2
 321489 126 5
 321496 126 0
 321501 126 1
 321508 126 0
 321588 126 0
 321606 126 1
 321629 126 2
 321637 126 1
 321662 126 4
 321697 126 3
 321707 126 1
 321710 126 6
 321721 126 0
 321749 126 0
 321777 126 1
 321784 126 1
 321824 126 3
 321974 126 0
 321990 126 0
 322083 126 5
 322103 126 1
 322176 126 3
 322176 126 1
 322183 126 1
 322184 126 1
 322185 126 1
 322206 126 0
 322251 126 1
 322267 126 1
 322272 126 2
 322276 126 4
 322297 126 0
 322297 126 2
 322344 126 2
 322353 126 3
 322367 126 2
 322380 126 0
 322382 126 1
 322393 126 0
 322415 126 0
 322442 126 4
 322460 126 0
 322481 126 0
 322492 126 0
 322499 126 0
 322506 126 0
 322538 126 0
 322552 126 2
 322601 126 0
 322644 126 5
 322654 126 0
 322667 126 0
 322673 126 1
 322680 126 3
 322683 126 0
 322688 126 0
 322690 126 0
 322734 126 3
 322743 126 1
 322812 126 0
 322812 126 0
 322853 126 1
 322863 126 0
 322905 126 0
 322918 126 1
 322920 126 1
 322942 126 1
 322946 126 0
 322958 126 1
 322989 126 1
 322994 126 0
 322999 126 0
 323006 126 0
 323013 126 0
 323021 126 0
 323024 126 0
 323032 126 5
 323045 126 0
 323055 126 0
 323056 126 1
 323094 126 0
 323096 126 2
 323115 126 3
 323119 126 0
 323129 126 2
 323147 126 0
 323148 126 1
 323183 126 3
 323189 126 1
 323198 126 0
 323231 126 1
 323246 126 0
 323246 126 0
 323270 126 0
 323302 126 2
 323321 126 0
 323322 126 4
 323323 126 0
 323332 126 0
 323364 126 2
 323373 126 2
 323394 126 0
 323410 126 1
 323417 126 4
 323445 126 0
 323446 126 1
 323485 126 0
 323497 126 1
 323497 126 5
 323499 126 1
 323503 126 0
 323508 126 0
 323511 126 0
 323530 126 0
 323535 126 0
 323554 126 1
 323557 126 0
 323599 126 3
 323621 126 0
 323643 126 0
 323670 126 3
 323679 126 0
 323686 126 6
 323695 126 1
 323702 126 4
 323801 126 0
 323860 126 0
 323861 126 0
 323875 126 3
 323906 126 1
 323976 126 0
 324064 126 4
 324114 126 0
 324210 126 0
 324216 126 1
 324234 126 0
 324270 126 1
 324384 126 0
 324392 126 1
 324399 126 1
 324414 126 0
 324475 126 0
 324496 126 0
 324550 126 1
 324552 126 3
 324602 126 0
 324698 126 0
 324769 126 0
 324849 126 3
 324938 126 0
 325027 126 0
 325049 126 0
 325096 126 4
 325140 126 0
 325146 126 0
 325226 126 0
 325233 126 0
 325336 126 0
 325339 126 1
 325352 126 1
 325453 126 1
 325510 126 0
 325529 126 0
 325661 126 1
 325696 126 0
 325701 126 1
 325756 126 0
 325761 126 1
 325871 126 0
 325909 126 0
 326199 126 2
 326240 126 0
 326295 126 1
 326314 126 1
 326414 126 1
 326450 126 1
 326632 126 0
 326679 126 6
 318478 128 2
 319422 128 2
 319725 128 0
 319747 128 0
 320244 128 0
 320308 128 2
 320921 128 3
 321429 128 0
 321658 128 2
 321660 128 1
 321789 128 0
 321812 128 0
 321886 128 0
 321898 128 0
 322034 128 0
 322051 128 0
 322150 128 1
 322258 128 1
 322404 128 3
 322481 128 0
 322563 128 1
 322668 128 1
 322685 128 0
 322741 128 0
 322756 128 1
 322772 128 2
 322819 128 0
 322882 128 0
 322919 128 1
 322941 128 2
 323042 128 0
 323049 128 0
 323157 128 1
 323214 128 0
 323294 128 1
 323322 128 0
 323335 128 0
 323342 128 0
 323381 128 0
 323399 128 2
 323422 128 4
 323452 128 1
 323481 128 0
 323489 128 0
 323573 128 0
 323593 128 0
 323648 128 1
 323654 128 0
 323660 128 0
 323671 128 5
 323676 128 1
 323687 128 1
 323699 128 1
 323732 128 1
 323739 128 0
 323740 128 3
 323765 128 0
 323851 128 2
 323872 128 0
 323877 128 3
 323908 128 2
 323932 128 1
 323932 128 0
 323947 128 4
 323992 128 1
 324004 128 1
 324013 128 0
 324055 128 1
 324055 128 0
 324063 128 2
 324081 128 0
 324092 128 1
 324107 128 0
 324121 128 1
 324128 128 1
 324148 128 1
 324153 128 6
 324154 128 1
 324154 128 2
 324161 128 1
 324184 128 0
 324189 128 0
 324223 128 3
 324235 128 1
 324238 128 7
 324241 128 2
 324254 128 7
 324299 128 1
 324313 128 1
 324321 128 1
 324338 128 3
 324343 128 0
 324345 128 4
 324360 128 1
 324386 128 0
 324387 128 0
 324428 128 0
 324443 128 1
 324447 128 2
 324448 128 0
 324469 128 2
 324508 128 3
 324557 128 0
 324601 128 3
 324602 128 0
 324610 128 7
 324620 128 1
 324625 128 0
 324638 128 0
 324639 128 1
 324680 128 0
 324684 128 1
 324688 128 0
 324688 128 1
 324698 128 0
 324706 128 3
 324716 128 2
 324789 128 0
 324796 128 0
 324817 128 3
 324821 128 0
 324857 128 1
 324881 128 3
 324886 128 0
 324898 128 1
 324908 128 0
 324914 128 0
 324917 128 1
 324925 128 1
 324929 128 0
 324931 128 2
 324933 128 1
 324946 128 1
 324946 128 0
 324948 128 5
 324952 128 0
 325011 128 1
 325015 128 1
 325030 128 2
 325043 128 2
 325062 128 0
 325076 128 0
 325084 128 4
 325096 128 0
 325113 128 0
 325113 128 1
 325132 128 0
 325139 128 2
 325149 128 1
 325180 128 0
 325187 128 0
 325206 128 0
 325213 128 0
 325230 128 1
 325240 128 1
 325252 128 0
 325329 128 0
 325348 128 0
 325358 128 0
 325358 128 0
 325413 128 0
 325413 128 0
 325433 128 2
 325461 128 2
 325493 128 4
 325493 128 1
 325505 128 1
 325547 128 0
 325600 128 0
 325619 128 1
 325620 128 0
 325639 128 5
 325665 128 2
 325677 128 0
 325701 128 0
 325720 128 1
 325826 128 7
 325856 128 2
 325870 128 0
 325920 128 1
 325930 128 0
 325969 128 3
 326001 128 2
 326002 128 0
 326010 128 0
 326039 128 0
 326112 128 0
 326161 128 0
 326183 128 3
 326195 128 3
 326199 128 2
 326203 128 1
 326265 128 3
 326388 128 0
 326399 128 1
 326515 128 1
 326602 128 0
 326640 128 0
 326646 128 0
 326651 128 0
 326652 128 2
 326658 128 0
 326659 128 2
 326663 128 1
 326725 128 1
 326756 128 0
 326782 128 0
 326810 128 3
 326836 128 0
 326873 128 0
 327079 128 2
 327161 128 0
 327205 128 0
 327237 128 4
 327286 128 0
 327379 128 0
 327400 128 0
 327449 128 0
 327644 128 2
 327712 128 2
 327752 128 4
 327757 128 1
 327762 128 2
 327856 128 1
 327859 128 1
 327968 128 0
 327971 128 0
 327978 128 2
 328014 128 0
 328052 128 1
 319098 130 1
 320900 130 0
 321098 130 2
 321377 130 0
 321551 130 1
 322320 130 0
 322353 130 0
 322813 130 0
 323085 130 0
 323257 130 0
 323354 130 0
 323386 130 0
 323441 130 0
 323452 130 1
 323525 130 3
 323622 130 1
 323798 130 1
 323809 130 1
 323981 130 0
 324065 130 2
 324238 130 1
 324249 130 1
 324356 130 1
 324411 130 1
 324520 130 1
 324528 130 3
 324553 130 0
 324627 130 2
 324628 130 0
 324647 130 4
 324660 130 1
 324722 130 1
 324732 130 1
 324782 130 0
 324793 130 1
 324799 130 1
 324799 130 3
 324809 130 2
 324886 130 0
 324890 130 2
 324909 130 0
 324977 130 1
 324987 130 3
 325056 130 1
 325058 130 6
 325105 130 0
 325107 130 4
 325140 130 0
 325176 130 0
 325177 130 0
 325196 130 0
 325205 130 1
 325213 130 4
 325213 130 1
 325225 130 1
 325226 130 1
 325262 130 0
 325313 130 0
 325336 130 1
 325367 130 1
 325414 130 1
 325422 130 2
 325429 130 0
 325488 130 1
 325495 130 0
 325499 130 0
 325508 130 4
 325522 130 3
 325527 130 3
 325532 130 0
 325548 130 0
 325568 130 0
 325568 130 1
 325589 130 0
 325602 130 1
 325617 130 0
 325620 130 3
 325628 130 0
 325631 130 2
 325637 130 0
 325641 130 1
 325704 130 5
 325736 130 5
 325738 130 1
 325746 130 0
 325752 130 0
 325802 130 0
 325847 130 4
 325872 130 1
 325877 130 0
 325887 130 0
 325898 130 0
 325901 130 3
 325919 130 3
 325927 130 2
 325933 130 3
 325936 130 2
 325939 130 0
 325951 130 0
 325959 130 0
 325961 130 0
 325963 130 0
 326000 130 1
 326031 130 0
 326063 130 0
 326064 130 2
 326078 130 1
 326105 130 0
 326131 130 2
 326147 130 0
 326153 130 0
 326155 130 2
 326166 130 1
 326183 130 0
 326232 130 1
 326262 130 2
 326270 130 0
 326284 130 4
 326298 130 1
 326319 130 0
 326333 130 0
 326380 130 1
 326391 130 0
 326393 130 1
 326407 130 5
 326407 130 0
 326457 130 0
 326467 130 3
 326481 130 0
 326482 130 0
 326492 130 1
 326495 130 2
 326498 130 0
 326503 130 1
 326505 130 0
 326506 130 0
 326533 130 0
 326539 130 0
 326568 130 2
 326573 130 0
 326578 130 0
 326585 130 2
 326589 130 0
 326608 130 4
 326641 130 1
 326669 130 0
 326678 130 2
 326712 130 1
 326716 130 0
 326742 130 0
 326761 130 0
 326796 130 0
 326813 130 6
 326820 130 1
 326848 130 0
 326879 130 0
 326885 130 0
 326891 130 0
 326908 130 1
 326928 130 1
 326947 130 0
 326955 130 0
 326961 130 1
 327003 130 0
 327011 130 2
 327028 130 2
 327028 130 1
 327044 130 1
 327058 130 2
 327063 130 0
 327083 130 1
 327091 130 1
 327094 130 4
 327105 130 0
 327111 130 0
 327196 130 6
 327218 130 1
 327224 130 0
 327264 130 2
 327315 130 1
 327361 130 4
 327387 130 1
 327396 130 0
 327433 130 1
 327448 130 4
 327543 130 0
 327579 130 1
 327591 130 0
 327659 130 2
 327748 130 0
 327792 130 3
 327827 130 0
 327839 130 2
 327882 130 1
 327904 130 2
 327974 130 1
 328111 130 0
 328126 130 1
 328192 130 0
 328207 130 2
 328234 130 1
 328366 130 4
 328476 130 0
 328511 130 2
 328569 130 1
 328737 130 0
 328859 130 1
 328865 130 0
 329036 130 1
 329076 130 4
 329178 130 0
 329240 130 3
 329247 130 3
 329255 130 0
 329360 130 3
 329378 130 1
 329428 130 0
 329468 130 0
 329503 130 0
 329525 130 0
 329621 130 0
 329626 130 0
 329642 130 2
 329660 130 2
 329737 130 1
 329905 130 0
 329953 130 0
 322235 132 1
 322784 132 2
 323306 132 0
 323733 132 1
 323771 132 1
 324037 132 0
 324216 132 1
 324279 132 1
 324567 132 1
 324639 132 1
 324655 132 0
 324959 132 0
 325053 132 2
 325066 132 1
 325070 132 2
 325117 132 1
 325144 132 3
 325337 132 4
 325369 132 1
 325372 132 1
 325374 132 1
 325546 132 0
 325575 132 0
 325657 132 1
 325687 132 1
 325709 132 4
 325733 132 0
 325835 132 1
 325848 132 1
 325940 132 0
 325946 132 1
 325954 132 0
 325998 132 0
 326071 132 2
 326081 132 2
 326090 132 1
 326182 132 2
 326185 132 0
 326212 132 1
 326320 132 0
 326469 132 0
 326479 132 0
 326525 132 0
 326574 132 1
 326605 132 3
 326633 132 2
 326713 132 0
 326721 132 0
 326722 132 0
 326729 132 0
 326734 132 0
 326801 132 2
 326831 132 2
 326877 132 0
 326889 132 2
 326905 132 1
 326914 132 0
 326920 132 0
 326932 132 0
 326986 132 2
 327014 132 1
 327028 132 1
 327056 132 0
 327093 132 0
 327102 132 3
 327103 132 0
 327108 132 1
 327115 132 4
 327116 132 0
 327138 132 0
 327153 132 1
 327158 132 3
 327161 132 3
 327190 132 0
 327240 132 0
 327250 132 0
 327250 132 0
 327264 132 0
 327275 132 0
 327280 132 0
 327300 132 0
 327327 132 2
 327347 132 1
 327356 132 1
 327373 132 0
 327379 132 0
 327394 132 1
 327395 132 0
 327400 132 0
 327420 132 0
 327426 132 0
 327438 132 2
 327454 132 0
 327455 132 0
 327457 132 4
 327458 132 0
 327467 132 1
 327476 132 0
 327489 132 0
 327523 132 2
 327528 132 0
 327530 132 0
 327540 132 1
 327544 132 0
 327563 132 0
 327569 132 1
 327581 132 1
 327600 132 1
 327603 132 0
 327604 132 1
 327621 132 4
 327626 132 0
 327636 132 0
 327644 132 1
 327662 132 0
 327679 132 0
 327686 132 2
 327686 132 2
 327687 132 3
 327689 132 1
 327694 132 1
 327704 132 2
 327706 132 1
 327726 132 0
 327728 132 1
 327741 132 3
 327746 132 0
 327748 132 0
 327750 132 0
 327770 132 1
 327773 132 0
 327779 132 0
 327800 132 1
 327826 132 0
 327835 132 0
 327839 132 0
 327841 132 1
 327852 132 5
 327853 132 1
 327860 132 0
 327878 132 1
 327878 132 1
 327879 132 0
 327890 132 0
 327911 132 0
 327925 132 1
 327929 132 0
 327931 132 0
 327932 132 2
 327956 132 1
 327964 132 0
 327982 132 0
 327985 132 0
 327993 132 0
 327994 132 0
 328001 132 0
 328013 132 0
 328047 132 2
 328051 132 0
 328075 132 0
 328075 132 1
 328080 132 3
 328088 132 0
 328103 132 3
 328107 132 0
 328110 132 0
 328111 132 1
 328129 132 3
 328151 132 0
 328159 132 0
 328176 132 1
 328197 132 2
 328212 132 0
 328213 132 0
 328228 132 1
 328240 132 2
 328240 132 0
 328252 132 2
 328257 132 0
 328258 132 0
 328270 132 0
 328284 132 0
 328289 132 1
 328294 132 1
 328296 132 0
 328345 132 1
 328361 132 0
 328378 132 0
 328380 132 0
 328406 132 2
 328417 132 0
 328448 132 1
 328451 132 2
 328498 132 2
 328502 132 0
 328508 132 1
 328527 132 0
 328549 132 0
 328556 132 0
 328599 132 0
 328613 132 0
 328626 132 4
 328633 132 0
 328640 132 0
 328676 132 1
 328700 132 3
 328722 132 0
 328740 132 1
 328787 132 0
 328822 132 0
 328829 132 0
 328839 132 3
 328877 132 0
 328941 132 1
 328989 132 0
 329000 132 2
 329033 132 1
 329045 132 0
 329074 132 5
 329079 132 1
 329104 132 6
 329115 132 0
 329160 132 0
 329314 132 0
 329328 132 0
 329336 132 0
 329357 132 2
 329384 132 2
 329391 132 4
 329461 132 0
 329472 132 5
 329483 132 0
 329488 132 1
 329498 132 4
 329523 132 1
 329529 132 4
 329530 132 0
 329560 132 0
 329629 132 1
 329641 132 0
 329674 132 0
 329944 132 0
 329954 132 2
 330044 132 0
 330082 132 2
 330151 132 0
 330243 132 3
 330247 132 2
 330277 132 0
 330279 132 0
 330279 132 4
 330450 132 0
 330458 132 1
 330591 132 1
 330615 132 0
 330653 132 0
 330672 132 0
 330758 132 0
 330922 132 2
 330984 132 0
 331023 132 1
 331106 132 0
 331296 132 0
 331454 132 3
 331551 132 2
 324103 134 4
 324670 134 0
 325760 134 0
 325871 134 1
 325985 134 1
 326114 134 3
 326124 134 0
 326241 134 2
 326250 134 2
 326290 134 0
 326410 134 2
 326584 134 0
 326849 134 0
 326853 134 3
 326870 134 0
 326897 134 1
 326983 134 1
 327032 134 2
 327036 134 0
 327051 134 0
 327140 134 1
 327326 134 1
 327348 134 2
 327439 134 1
 327467 134 2
 327508 134 3
 327539 134 1
 327616 134 0
 327718 134 0
 327720 134 2
 327742 134 5
 327748 134 2
 327841 134 0
 327905 134 2
 327912 134 0
 327994 134 0
 328043 134 0
 328108 134 2
 328140 134 0
 328160 134 0
 328236 134 0
 328244 134 0
 328294 134 2
 328303 134 0
 328329 134 2
 328331 134 1
 328346 134 0
 328366 134 0
 328369 134 0
 328384 134 0
 328422 134 1
 328449 134 0
 328450 134 0
 328451 134 0
 328465 134 0
 328485 134 1
 328505 134 7
 328506 134 1
 328512 134 2
 328517 134 2
 328557 134 0
 328611 134 1
 328618 134 0
 328645 134 0
 328664 134 0
 328684 134 0
 328697 134 2
 328726 134 1
 328742 134 2
 328769 134 0
 328788 134 4
 328797 134 0
 328832 134 0
 328836 134 0
 328841 134 2
 328851 134 0
 328854 134 1
 328865 134 0
 328888 134 1
 328891 134 0
 328917 134 1
 328925 134 2
 328927 134 1
 328948 134 0
 328951 134 1
 328953 134 0
 328962 134 0
 328975 134 6
 328977 134 0
 328985 134 7
 328991 134 0
 329005 134 0
 329012 134 1
 329023 134 1
 329051 134 3
 329052 134 0
 329077 134 0
 329080 134 0
 329081 134 1
 329099 134 0
 329116 134 0
 329122 134 1
 329128 134 0
 329141 134 0
 329160 134 4
 329168 134 1
 329171 134 0
 329174 134 0
 329192 134 4
 329218 134 0
 329224 134 1
 329225 134 0
 329251 134 3
 329261 134 2
 329276 134 2
 329280 134 1
 329281 134 0
 329303 134 0
 329317 134 0
 329336 134 1
 329349 134 1
 329351 134 1
 329353 134 0
 329367 134 3
 329371 134 0
 329384 134 0
 329394 134 1
 329415 134 1
 329430 134 0
 329444 134 1
 329448 134 0
 329471 134 0
 329484 134 1
 329500 134 0
 329510 134 3
 329518 134 0
 329522 134 0
 329532 134 0
 329541 134 0
 329573 134 2
 329573 134 0
 329611 134 1
 329632 134 4
 329660 134 2
 329708 134 0
 329715 134 2
 329718 134 0
 329722 134 4
 329726 134 0
 329726 134 0
 329727 134 0
 329771 134 1
 329789 134 0
 329796 134 0
 329805 134 0
 329812 134 0
 329816 134 0
 329819 134 1
 329823 134 1
 329846 134 2
 329851 134 0
 329860 134 0
 329870 134 1
 329871 134 3
 329879 134 0
 329888 134 0
 329946 134 0
 329950 134 2
 329955 134 2
 329973 134 4
 330031 134 0
 330052 134 1
 330053 134 1
 330063 134 0
 330144 134 4
 330158 134 0
 330179 134 0
 330195 134 0
 330208 134 0
 330216 134 0
 330250 134 3
 330291 134 1
 330328 134 0
 330346 134 4
 330366 134 0
 330378 134 0
 330401 134 1
 330445 134 1
 330493 134 4
 330499 134 2
 330547 134 0
 330590 134 0
 330709 134 1
 330725 134 1
 330748 134 0
 330781 134 2
 330807 134 1
 330921 134 2
 330938 134 2
 330953 134 0
 330986 134 2
 331017 134 0
 331041 134 2
 331070 134 1
 331074 134 0
 331090 134 1
 331109 134 0
 331211 134 1
 331216 134 5
 331229 134 0
 331326 134 0
 331357 134 0
 331530 134 2
 331781 134 0
 331791 134 0
 331844 134 0
 331895 134 0
 331904 134 0
 332037 134 2
 332199 134 0
 332237 134 0
 332238 134 0
 332337 134 2
 332343 134 0
 332347 134 1
 332364 134 1
 332384 134 0
 332402 134 0
 332454 134 3
 332680 134 0
 332686 134 1
 332784 134 0
 332807 134 3
 333024 134 2
 323538 136 2
 325664 136 2
 326415 136 1
 326439 136 0
 326584 136 0
 327451 136 0
 327889 136 1
 328239 136 0
 328266 136 0
 328346 136 2
 328417 136 0
 328557 136 0
 328581 136 2
 328636 136 4
 328688 136 4
 328722 136 1
 328742 136 1
 328933 136 0
 329074 136 2
 329080 136 3
 329154 136 0
 329170 136 2
 329172 136 0
 329180 136 0
 329250 136 3
 329318 136 0
 329398 136 1
 329467 136 1
 329532 136 0
 329639 136 1
 329721 136 0
 329723 136 0
 329726 136 3
 329759 136 3
 329800 136 0
 329902 136 2
 329941 136 1
 329948 136 3
 329964 136 0
 329975 136 0
 329996 136 1
 330011 136 2
 330029 136 0
 330122 136 0
 330130 136 1
 330151 136 0
 330162 136 2
 330163 136 2
 330176 136 2
 330187 136 0
 330197 136 0
 330203 136 0
 330211 136 0
 330217 136 1
 330217 136 0
 330221 136 2
 330225 136 3
 330226 136 1
 330261 136 1
 330268 136 5
 330306 136 0
 330314 136 0
 330321 136 1
 330334 136 3
 330344 136 0
 330359 136 0
 330374 136 0
 330388 136 0
 330389 136 2
 330429 136 2
 330453 136 0
 330465 136 2
 330471 136 2
 330484 136 0
 330504 136 1
 330511 136 1
 330511 136 0
 330512 136 0
 330531 136 0
 330542 136 0
 330556 136 0
 330559 136 2
 330568 136 2
 330593 136 1
 330602 136 1
 330617 136 1
 330619 136 1
 330625 136 0
 330627 136 1
 330655 136 0
 330674 136 1
 330702 136 0
 330705 136 0
 330706 136 2
 330740 136 4
 330765 136 1
 330776 136 1
 330781 136 4
 330786 136 1
 330793 136 0
 330794 136 2
 330804 136 0
 330808 136 1
 330850 136 4
 330852 136 1
 330857 136 0
 330858 136 0
 330892 136 2
 330910 136 0
 330912 136 0
 330928 136 2
 330928 136 0
 330935 136 0
 330942 136 1
 330947 136 3
 330949 136 2
 330989 136 0
 331016 136 0
 331045 136 0
 331063 136 0
 331068 136 0
 331077 136 1
 331082 136 0
 331090 136 0
 331096 136 0
 331108 136 1
 331126 136 2
 331180 136 0
 331189 136 0
 331195 136 0
 331196 136 0
 331202 136 2
 331213 136 0
 331227 136 3
 331267 136 0
 331267 136 2
 331279 136 4
 331298 136 0
 331299 136 2
 331300 136 1
 331345 136 0
 331346 136 0
 331396 136 5
 331445 136 2
 331485 136 0
 331521 136 2
 331533 136 0
 331565 136 0
 331582 136 2
 331609 136 2
 331635 136 0
 331686 136 2
 331701 136 0
 331705 136 0
 331737 136 1
 331749 136 2
 331814 136 0
 331836 136 0
 331863 136 0
 331873 136 1
 331879 136 0
 331931 136 0
 331937 136 0
 331938 136 0
 331967 136 2
 331984 136 0
 332067 136 1
 332134 136 5
 332135 136 0
 332161 136 3
 332178 136 0
 332202 136 0
 332273 136 0
 332345 136 0
 332350 136 2
 332377 136 2
 332393 136 0
 332393 136 0
 332491 136 0
 332535 136 0
 332557 136 0
 332591 136 0
 332639 136 0
 332754 136 0
 332796 136 0
 332815 136 2
 332820 136 4
 332842 136 2
 332924 136 0
 332944 136 0
 333069 136 0
 333084 136 0
 333129 136 1
 333146 136 0
 333167 136 0
 333213 136 2
 333285 136 0
 333287 136 1
 333353 136 1
 333422 136 1
 333433 136 1
 333485 136 1
 333495 136 1
 333536 136 0
 333596 136 0
 333740 136 1
 333851 136 2
 333870 136 0
 334017 136 1
 334054 136 0
 334085 136 1
 334318 136 0
 334353 136 0
 334487 136 1
 328431 138 0
 329044 138 2
 329605 138 0
 329746 138 1
 329944 138 1
 329945 138 0
 329973 138 0
 330327 138 1
 330482 138 1
 330656 138 0
 330675 138 1
 330950 138 0
 331027 138 0
 331066 138 0
 331106 138 0
 331176 138 3
 331277 138 4
 331310 138 0
 331350 138 0
 331384 138 0
 331410 138 0
 331431 138 0
 331434 138 0
 331500 138 0
 331506 138 0
 331555 138 1
 331590 138 0
 331601 138 0
 331623 138 3
 331643 138 1
 331676 138 2
 331681 138 0
 331691 138 0
 331742 138 2
 331754 138 0
 331761 138 2
 331836 138 4
 331844 138 1
 331877 138 2
 331927 138 0
 331950 138 0
 331963 138 0
 331966 138 1
 331982 138 1
 331990 138 3
 332013 138 2
 332019 138 0
 332042 138 2
 332080 138 0
 332087 138 2
 332090 138 0
 332096 138 2
 332109 138 3
 332143 138 1
 332187 138 0
 332210 138 4
 332225 138 2
 332237 138 0
 332281 138 1
 332288 138 0
 332311 138 1
 332317 138 1
 332328 138 0
 332342 138 0
 332356 138 0
 332362 138 0
 332364 138 1
 332373 138 1
 332397 138 0
 332418 138 0
 332446 138 0
 332466 138 1
 332473 138 0
 332478 138 0
 332480 138 0
 332482 138 2
 332513 138 2
 332526 138 3
 332539 138 0
 332555 138 2
 332594 138 1
 332595 138 0
 332599 138 0
 332612 138 0
 332615 138 0
 332643 138 3
 332650 138 0
 332659 138 2
 332666 138 0
 332673 138 1
 332739 138 0
 332758 138 2
 332779 138 2
 332782 138 3
 332808 138 2
 332813 138 0
 332814 138 0
 332826 138 0
 332897 138 0
 332901 138 2
 332906 138 0
 332920 138 2
 332945 138 2
 332969 138 0
 333005 138 1
 333024 138 0
 333051 138 0
 333059 138 0
 333076 138 2
 333142 138 1
 333153 138 0
 333191 138 3
 333217 138 1
 333240 138 1
 333254 138 1
 333309 138 0
 333319 138 0
 333335 138 5
 333340 138 0
 333341 138 0
 333351 138 1
 333366 138 1
 333390 138 0
 333399 138 0
 333464 138 0
 333519 138 0
 333605 138 0
 333647 138 2
 333686 138 0
 333719 138 0
 333810 138 1
 333844 138 0
 333883 138 0
 333962 138 3
 333965 138 0
 334029 138 3
 334057 138 0
 334141 138 0
 334320 138 1
 334418 138 2
 334424 138 0
 334537 138 0
 334634 138 0
 334638 138 0
 334720 138 0
 334734 138 0
 334739 138 2
 334782 138 4
 335012 138 0
 335074 138 2
 335268 138 4
 335319 138 0
 335332 138 0
 335470 138 2
 335494 138 0
 335531 138 0
 335663 138 1
 335742 138 0
 335902 138 0
 336148 138 0
 330487 140 0
 330491 140 0
 330674 140 0
 330914 140 0
 331507 140 0
 331695 140 0
 331839 140 0
 332085 140 1
 332180 140 3
 332386 140 0
 332609 140 1
 332633 140 0
 332683 140 0
 332730 140 0
 332863 140 0
 332908 140 1
 332926 140 0
 332987 140 6
 333112 140 0
 333184 140 0
 333226 140 0
 333238 140 1
 333289 140 0
 333304 140 1
 333310 140 1
 333314 140 0
 333317 140 0
 333327 140 2
 333335 140 0
 333398 140 0
 333400 140 1
 333451 140 2
 333509 140 0
 333548 140 1
 333603 140 2
 333622 140 0
 333666 140 3
 333729 140 1
 333739 140 0
 333818 140 0
 333908 140 0
 333940 140 0
 333947 140 1
 333964 140 0
 333967 140 0
 333973 140 0
 333985 140 0
 334012 140 0
 334014 140 0
 334058 140 2
 334072 140 1
 334125 140 0
 334128 140 1
 334134 140 0
 334148 140 0
 334164 140 1
 334174 140 0
 334192 140 2
 334196 140 2
 334360 140 0
 334398 140 0
 334402 140 1
 334409 140 1
 334444 140 0
 334542 140 0
 334622 140 5
 334707 140 1
 334741 140 0
 334747 140 1
 334792 140 0
 334869 140 1
 334903 140 1
 334913 140 1
 334976 140 0
 335044 140 1
 335128 140 0
 335131 140 0
 335133 140 3
 335240 140 0
 335362 140 4
 335439 140 2
 335448 140 0
 335475 140 0
 335497 140 0
 335512 140 2
 335643 140 1
 335694 140 0
 335735 140 4
 335834 140 3
 335865 140 1
 335947 140 0
 336069 140 3
 336126 140 0
 336375 140 3
 336390 140 0
 336440 140 0
 336569 140 0
 336824 140 0
 336967 140 0
 337075 140 1
 337202 140 1
 337337 140 0
 337529 140 1
 332364 142 0
 333869 142 1
 333890 142 0
 334025 142 0
 334147 142 0
 334369 142 1
 334456 142 0
 334460 142 0
 334830 142 0
 334882 142 0
 334924 142 0
 334947 142 1
 335080 142 0
 335099 142 4
 335110 142 0
 335117 142 0
 335185 142 4
 335237 142 3
 335388 142 0
 335394 142 0
 335484 142 0
 335533 142 0
 335591 142 0
 335599 142 0
 335613 142 1
 335632 142 2
 335635 142 0
 335668 142 0
 335671 142 1
 335711 142 2
 335791 142 3
 335893 142 2
 335914 142 2
 335954 142 2
 335984 142 3
 336087 142 0
 336124 142 0
 336212 142 0
 336242 142 0
 336321 142 0
 336348 142 2
 336495 142 0
 336532 142 2
 336569 142 0
 336729 142 0
 336751 142 2
 337419 142 1
 337623 142 3
 337633 142 0
 338165 142 0
 338339 142 0
 338670 142 0
 338676 142 0
 339049 142 2
 339163 142 1
 339265 142 0
 335523 144 0
 335817 144 4
 336020 144 0
 336347 144 0
 336425 144 1
 336443 144 0
 336927 144 0
 336966 144 0
 336972 144 0
 337090 144 0
 337093 144 0
 337176 144 0
 337541 144 0
 337610 144 4
 337624 144 0
 337642 144 1
 337917 144 0
 338408 144 0
 339168 144 1
 340005 144 2
 340096 144 0
 340373 144 1
 335969 146 0
 336092 146 0
 336519 146 2
 336860 146 1
 337650 146 0
 338056 146 4
 338331 146 0
 338794 146 0
 338886 146 1
 340367 146 0
 339337 148 0
 339431 148 1
 339930 148 2
 340337 148 2
 343685 148 0
 338896 150 1
 340504 150 0
 341015 150 0
 344262 150 1
 343699 154 0


# name: ecdsatime
# type: matrix
# rows: 2580
# columns: 3
 285750 80 0
 286831 82 8
 288430 88 2
 288504 84 0
 288903 82 0
 290173 80 3
 291231 96 0
 294799 90 9
 294928 92 3
 295186 96 6
 296774 92 5
 296965 92 0
 297336 94 4
 297423 102 0
 297775 94 4
 298434 94 1
 298676 94 1
 298827 98 1
 300712 98 0
 300787 96 6
 300835 106 0
 300913 98 0
 302013 98 2
 302017 100 2
 302207 98 9
 302646 100 0
 303323 100 1
 304111 106 0
 304508 100 0
 304630 102 0
 304650 104 0
 304976 104 5
 305087 106 0
 305477 104 4
 305749 108 0
 305833 106 6
 305865 104 2
 305891 104 0
 306177 108 1
 306322 104 0
 306389 106 0
 306564 108 0
 306603 108 1
 306612 108 1
 306955 108 1
 306979 110 0
 306980 104 0
 307077 106 0
 307097 104 0
 307286 106 0
 307301 108 2
 307372 108 9
 307390 106 2
 307561 102 1
 307611 104 1
 307645 106 1
 307686 108 4
 307894 106 11
 308130 110 0
 308174 106 0
 308298 108 1
 308312 110 1
 308489 112 1
 308559 110 0
 308628 106 0
 308648 106 1
 308748 112 0
 308776 108 5
 308914 110 0
 308996 108 1
 309199 112 0
 309218 108 1
 309350 110 2
 309401 108 1
 309454 108 0
 309519 108 0
 309562 108 0
 309581 110 1
 309729 112 0
 309746 108 2
 309792 112 0
 309860 110 0
 309912 112 1
 309948 112 1
 309960 112 1
 310022 108 1
 310059 110 1
 310408 116 6
 310424 110 0
 310443 114 0
 310459 110 1
 310543 110 1
 310569 108 1
 310589 108 0
 310661 108 2
 310705 108 0
 310705 114 2
 310739 114 2
 310875 110 0
 310946 110 1
 310949 110 4
 310977 112 2
 311024 106 5
 311095 116 1
 311268 110 1
 311336 114 0
 311349 108 1
 311351 110 1
 311354 114 1
 311368 110 0
 311388 116 0
 311396 112 1
 311434 112 0
 311468 114 1
 311490 116 1
 311497 118 0
 311624 112 1
 311693 114 3
 311730 108 0
 311774 114 1
 311843 116 1
 311854 112 0
 311974 112 3
 312002 112 6
 312042 112 3
 312046 110 0
 312095 114 2
 312103 114 0
 312132 114 0
 312150 114 1
 312180 114 0
 312189 112 0
 312189 112 1
 312222 112 1
 312310 108 0
 312311 112 1
 312353 114 0
 312421 116 4
 312432 110 1
 312454 116 0
 312463 112 2
 312490 112 0
 312496 116 2
 312512 110 0
 312581 114 0
 312584 120 0
 312599 114 2
 312604 116 1
 312605 112 0
 312648 116 5
 312692 116 3
 312699 112 0
 312723 114 0
 312793 114 0
 312823 118 2
 312853 114 2
 312856 114 0
 312876 112 2
 312891 110 1
 312912 114 4
 312964 114 1
 312979 112 0
 312993 114 0
 313015 114 0
 313028 118 0
 313047 116 0
 313048 112 0
 313050 114 0
 313065 110 0
 313077 112 2
 313135 112 3
 313139 112 4
 313193 116 0
 313199 114 0
 313239 114 2
 313261 114 0
 313268 116 6
 313280 114 2
 313360 112 8
 313361 114 0
 313407 118 2
 313409 112 1
 313418 114 1
 313421 118 0
 313433 120 1
 313443 118 0
 313461 114 0
 313491 114 1
 313491 116 0
 313502 114 5
 313523 114 1
 313524 114 0
 313536 114 1
 313548 120 1
 313572 114 0
 313575 112 0
 313583 116 1
 313608 116 0
 313676 114 2
 313692 110 0
 313768 114 1
 313786 110 0
 313803 120 0
 313812 112 1
 313838 114 4
 313856 114 1
 313859 114 2
 313862 116 0
 313900 116 0
 313909 116 0
 313910 116 0
 313921 114 2
 313921 114 0
 313959 114 0
 313976 112 0
 314015 118 1
 314027 116 1
 314036 114 1
 314052 112 2
 314054 124 2
 314060 112 2
 314063 118 1
 314072 116 0
 314112 114 0
 314116 112 0
 314162 116 1
 314186 116 0
 314240 118 1
 314256 122 2
 314308 116 1
 314340 114 0
 314375 116 2
 314378 118 0
 314453 122 1
 314519 116 2
 314552 116 0
 314596 114 0
 314612 114 4
 314628 116 0
 314629 114 0
 314664 114 1
 314700 116 0
 314771 118 0
 314775 122 3
 314781 118 1
 314794 118 2
 314798 116 0
 314798 116 0
 314805 116 1
 314806 116 0
 314856 114 0
 314917 120 0
 314938 118 0
 314976 114 0
 314993 118 1
 315013 118 1
 315024 116 0
 315128 118 0
 315140 114 1
 315146 116 0
 315162 116 3
 315180 116 6
 315200 116 0
 315220 116 0
 315243 114 0
 315259 114 0
 315259 116 0
 315260 116 0
 315296 114 1
 315343 124 8
 315373 120 0
 315396 116 2
 315399 116 5
 315405 116 0
 315451 114 0
 315454 116 1
 315457 118 1
 315475 112 1
 315503 116 0
 315504 114 1
 315514 114 3
 315519 118 4
 315536 114 1
 315554 116 0
 315559 116 6
 315612 120 3
 315616 116 0
 315629 116 1
 315669 116 4
 315673 116 0
 315708 116 1
 315711 118 1
 315744 118 0
 315749 114 2
 315815 116 3
 315815 120 0
 315828 116 0
 315832 124 0
 315842 116 0
 315851 118 0
 315880 114 5
 315937 116 0
 315937 118 4
 315943 120 0
 315959 124 0
 315959 120 0
 315998 116 0
 316021 118 2
 316035 116 0
 316040 116 0
 316047 118 3
 316049 116 3
 316071 120 0
 316095 122 2
 316103 122 0
 316105 116 0
 316132 118 3
 316134 118 2
 316146 122 0
 316147 122 3
 316152 118 0
 316201 116 3
 316225 114 0
 316249 118 2
 316276 118 4
 316295 118 0
 316391 118 2
 316413 116 0
 316419 118 0
 316453 118 0
 316454 118 1
 316460 116 0
 316477 118 0
 316543 118 2
 316562 120 0
 316575 120 1
 316576 118 3
 316612 118 1
 316643 120 5
 316651 118 2
 316651 118 0
 316745 118 2
 316746 122 4
 316806 118 0
 316840 114 1
 316847 120 1
 316850 116 2
 316850 122 0
 316872 120 0
 316895 114 0
 316908 116 2
 316916 118 3
 316939 118 0
 316984 120 0
 317022 122 2
 317033 118 1
 317065 122 0
 317082 118 1
 317096 120 0
 317106 120 0
 317135 118 0
 317142 118 0
 317144 126 0
 317153 126 2
 317158 124 0
 317192 118 1
 317202 120 2
 317211 120 3
 317212 122 1
 317239 118 3
 317265 118 0
 317267 118 0
 317268 120 0
 317275 118 0
 317277 120 0
 317286 122 3
 317299 118 0
 317326 120 0
 317355 118 0
 317398 118 0
 317409 122 0
 317413 122 0
 317440 118 1
 317474 120 0
 317476 118 1
 317480 118 1
 317482 118 0
 317484 126 0
 317522 120 3
 317523 118 0
 317529 120 0
 317534 118 3
 317573 118 3
 317574 126 0
 317590 116 0
 317595 120 0
 317616 120 5
 317623 118 0
 317638 116 1
 317663 122 0
 317683 122 1
 317716 124 2
 317735 118 1
 317744 120 2
 317771 118 0
 317773 120 1
 317776 122 0
 317790 118 7
 317816 120 0
 317850 120 1
 317899 126 3
 317931 120 0
 317949 124 0
 317956 126 2
 317962 118 1
 317986 122 0
 318003 120 0
 318006 126 0
 318019 122 3
 318034 120 1
 318035 120 0
 318044 122 0
 318049 120 0
 318068 120 4
 318091 120 1
 318094 120 0
 318098 126 3
 318105 120 0
 318106 122 1
 318120 122 1
 318129 120 0
 318152 120 2
 318172 120 1
 318173 124 0
 318175 124 0
 318194 122 2
 318196 122 1
 318204 122 2
 318208 124 0
 318214 120 4
 318228 126 2
 318233 120 5
 318240 120 0
 318258 122 2
 318277 122 0
 318280 122 0
 318287 120 0
 318292 120 0
 318313 120 0
 318326 122 0
 318329 118 1
 318344 120 2
 318355 118 1
 318374 122 0
 318410 118 0
 318426 118 1
 318440 116 4
 318453 122 1
 318454 120 0
 318457 124 1
 318478 128 2
 318489 120 0
 318490 120 0
 318510 116 0
 318513 120 1
 318513 122 0
 318544 120 1
 318545 120 1
 318558 122 2
 318561 122 0
 318564 126 4
 318575 120 2
 318583 122 1
 318595 124 1
 318596 120 0
 318616 126 0
 318625 122 1
 318626 126 0
 318675 122 0
 318680 120 1
 318680 122 2
 318705 122 3
 318732 122 0
 318736 122 2
 318743 122 0
 318747 116 1
 318750 120 1
 318764 124 1
 318811 120 0
 318811 122 1
 318833 120 0
 318845 122 0
 318887 126 3
 318888 122 0
 318888 120 1
 318953 120 3
 318994 120 0
 318998 122 1
 318999 122 1
 319023 122 2
 319035 122 0
 319055 122 3
 319071 120 4
 319098 130 1
 319114 122 0
 319118 122 1
 319122 120 1
 319132 122 0
 319137 122 2
 319152 122 2
 319157 118 2
 319161 124 0
 319209 122 1
 319216 120 2
 319219 118 9
 319248 122 0
 319258 122 0
 319268 122 2
 319278 120 6
 319283 122 1
 319295 120 0
 319299 120 1
 319318 122 2
 319333 120 0
 319338 120 5
 319339 122 1
 319346 122 0
 319355 122 1
 319356 120 0
 319360 120 0
 319361 122 3
 319381 122 1
 319397 122 1
 319403 120 6
 319413 120 4
 319419 122 0
 319422 128 2
 319424 124 2
 319426 122 3
 319433 122 0
 319440 122 0
 319441 124 1
 319456 120 1
 319458 118 4
 319465 118 1
 319494 122 3
 319495 122 0
 319516 120 3
 319517 122 1
 319525 120 0
 319541 122 1
 319566 118 0
 319573 122 1
 319591 122 0
 319598 118 6
 319599 122 1
 319607 124 0
 319627 120 4
 319629 122 2
 319653 122 0
 319653 122 0
 319682 124 7
 319696 124 1
 319701 124 2
 319717 124 2
 319725 128 0
 319733 122 1
 319736 126 2
 319743 118 0
 319747 128 0
 319750 126 1
 319751 122 2
 319760 124 0
 319771 124 1
 319772 122 0
 319774 118 1
 319790 122 1
 319802 120 4
 319803 122 2
 319805 124 1
 319819 124 2
 319842 126 0
 319842 122 0
 319848 122 3
 319887 120 0
 319898 120 0
 319901 122 1
 319908 124 0
 319919 124 0
 319933 122 2
 319937 122 0
 319938 120 0
 319942 122 1
 319946 126 3
 319962 122 1
 319963 122 0
 319977 126 0
 319985 124 0
 319994 124 1
 319994 122 0
 319995 124 1
 319998 122 2
 319999 122 0
 320000 124 0
 320010 122 0
 320026 122 3
 320030 122 3
 320039 122 1
 320046 120 0
 320058 124 0
 320066 124 0
 320071 122 5
 320091 120 0
 320091 122 0
 320103 124 4
 320108 124 0
 320111 124 2
 320124 120 1
 320125 122 3
 320126 120 2
 320155 124 0
 320159 124 2
 320175 122 1
 320180 122 0
 320181 120 0
 320190 124 0
 320193 122 0
 320200 122 1
 320203 124 2
 320213 122 1
 320224 120 0
 320232 120 1
 320244 128 0
 320263 122 1
 320281 122 1
 320282 124 6
 320290 120 0
 320291 126 0
 320299 122 6
 320308 128 2
 320317 124 2
 320324 126 1
 320357 126 0
 320378 122 0
 320387 120 0
 320396 122 0
 320396 124 0
 320396 122 1
 320409 124 2
 320429 124 5
 320438 126 0
 320439 122 0
 320447 124 0
 320447 126 3
 320509 124 2
 320513 124 2
 320515 124 4
 320534 120 1
 320537 124 1
 320543 124 0
 320561 126 1
 320584 122 0
 320606 122 0
 320637 126 0
 320647 122 1
 320656 126 0
 320664 124 0
 320704 124 4
 320714 126 2
 320715 126 0
 320750 122 3
 320757 122 2
 320762 122 2
 320767 120 0
 320770 126 1
 320771 122 1
 320786 120 3
 320786 126 1
 320791 124 0
 320806 124 5
 320818 120 1
 320826 122 0
 320829 124 4
 320854 126 0
 320864 126 1
 320873 124 0
 320881 124 0
 320885 124 2
 320900 130 0
 320913 124 0
 320919 126 0
 320920 124 0
 320921 128 3
 320931 124 0
 320955 124 0
 320961 124 1
 320962 122 2
 320969 124 2
 320974 122 0
 320982 124 2
 320994 124 1
 321015 122 1
 321030 124 0
 321048 124 0
 321059 120 0
 321092 124 2
 321093 126 0
 321098 130 2
 321104 126 0
 321115 122 2
 321122 126 0
 321127 120 0
 321151 126 0
 321163 126 2
 321195 124 3
 321214 124 0
 321217 124 0
 321219 124 0
 321225 124 0
 321226 126 2
 321233 122 5
 321233 124 1
 321234 126 0
 321259 124 0
 321262 126 0
 321264 124 1
 321275 122 0
 321279 120 2
 321280 124 0
 321284 122 0
 321320 126 2
 321330 124 0
 321338 124 0
 321345 122 1
 321349 124 5
 321377 130 0
 321379 124 1
 321394 124 0
 321403 126 2
 321406 122 0
 321423 126 0
 321424 126 0
 321426 122 0
 321429 128 0
 321432 124 1
 321432 126 1
 321448 124 1
 321453 126 2
 321485 124 0
 321489 126 5
 321496 126 0
 321501 126 1
 321508 120 0
 321508 126 0
 321527 122 5
 321545 124 1
 321546 124 1
 321551 130 1
 321566 120 0
 321575 124 1
 321584 124 2
 321587 120 0
 321588 126 0
 321597 124 0
 321606 126 1
 321614 120 3
 321629 126 2
 321637 126 1
 321658 128 2
 321660 128 1
 321661 124 0
 321662 126 4
 321685 124 1
 321693 122 0
 321694 124 0
 321697 124 0
 321697 126 3
 321698 124 2
 321707 126 1
 321710 126 6
 321715 124 0
 321721 126 0
 321721 124 1
 321731 124 0
 321735 124 2
 321742 124 0
 321744 124 0
 321749 126 0
 321752 120 1
 321754 122 1
 321758 124 2
 321776 124 0
 321777 126 1
 321782 122 9
 321784 126 1
 321789 128 0
 321790 124 0
 321797 122 0
 321809 124 1
 321810 124 0
 321811 124 0
 321812 128 0
 321824 126 3
 321856 120 0
 321883 124 0
 321886 128 0
 321891 122 1
 321897 124 1
 321898 128 0
 321915 124 0
 321928 124 0
 321932 124 1
 321948 124 2
 321966 124 1
 321974 126 0
 321990 126 0
 322000 124 1
 322029 124 0
 322034 128 0
 322043 124 2
 322048 124 7
 322051 128 0
 322057 124 0
 322070 124 1
 322083 126 5
 322103 124 0
 322103 126 1
 322116 124 0
 322127 124 1
 322132 124 1
 322139 124 1
 322150 128 1
 322176 126 3
 322176 126 1
 322178 120 1
 322183 126 1
 322184 126 1
 322185 126 1
 322186 124 0
 322206 126 0
 322211 124 1
 322225 122 0
 322227 122 1
 322231 124 0
 322235 132 1
 322236 124 1
 322251 126 1
 322258 128 1
 322264 124 1
 322267 126 1
 322272 126 2
 322274 124 1
 322276 126 4
 322282 124 0
 322297 126 0
 322297 126 2
 322320 130 0
 322341 124 4
 322344 126 2
 322353 126 3
 322353 130 0
 322355 124 5
 322367 126 2
 322372 122 2
 322380 126 0
 322382 126 1
 322387 124 2
 322393 126 0
 322404 128 3
 322415 126 0
 322421 122 2
 322442 126 4
 322460 126 0
 322463 124 1
 322481 126 0
 322481 128 0
 322492 126 0
 322499 126 0
 322506 126 0
 322511 122 0
 322513 124 1
 322516 124 0
 322538 126 0
 322552 126 2
 322563 128 1
 322601 126 0
 322639 124 0
 322644 126 5
 322654 126 0
 322660 122 0
 322666 124 1
 322667 126 0
 322668 128 1
 322673 126 1
 322678 122 0
 322680 126 3
 322683 126 0
 322685 128 0
 322688 126 0
 322690 126 0
 322717 124 1
 322727 124 0
 322733 124 0
 322734 126 3
 322741 128 0
 322743 126 1
 322750 124 1
 322756 128 1
 322772 128 2
 322784 132 2
 322812 124 3
 322812 126 0
 322812 126 0
 322813 130 0
 322819 128 0
 322846 124 1
 322853 126 1
 322863 126 0
 322869 124 3
 322874 124 0
 322882 128 0
 322890 124 1
 322892 124 0
 322905 126 0
 322918 126 1
 322919 128 1
 322920 126 1
 322927 122 1
 322941 128 2
 322942 126 1
 322946 126 0
 322958 126 1
 322962 122 1
 322989 126 1
 322992 122 0
 322994 126 0
 322999 126 0
 323006 126 0
 323013 126 0
 323021 126 0
 323024 126 0
 323032 126 5
 323042 128 0
 323045 126 0
 323049 128 0
 323051 124 0
 323055 126 0
 323056 126 1
 323069 124 1
 323085 130 0
 323094 124 1
 323094 126 0
 323096 126 2
 323098 124 1
 323098 124 2
 323099 124 0
 323110 124 0
 323111 124 4
 323115 126 3
 323119 126 0
 323129 126 2
 323147 126 0
 323148 126 1
 323157 128 1
 323164 124 4
 323183 126 3
 323189 126 1
 323198 126 0
 323211 124 2
 323214 128 0
 323230 124 0
 323231 126 1
 323246 126 0
 323246 126 0
 323257 130 0
 323265 124 1
 323270 126 0
 323282 124 0
 323294 124 0
 323294 128 1
 323302 126 2
 323306 132 0
 323314 124 0
 323321 126 0
 323322 126 4
 323322 128 0
 323323 126 0
 323332 126 0
 323334 122 2
 323335 128 0
 323339 124 1
 323342 128 0
 323354 130 0
 323364 126 2
 323370 124 0
 323373 126 2
 323381 128 0
 323386 130 0
 323394 126 0
 323399 128 2
 323410 126 1
 323417 126 4
 323422 128 4
 323441 130 0
 323445 126 0
 323446 126 1
 323447 124 0
 323452 130 1
 323452 128 1
 323481 128 0
 323485 126 0
 323488 122 0
 323489 128 0
 323497 126 1
 323497 126 5
 323499 126 1
 323503 126 0
 323508 126 0
 323511 126 0
 323525 130 3
 323530 126 0
 323535 126 0
 323538 136 2
 323554 126 1
 323557 126 0
 323573 128 0
 323593 128 0
 323599 126 3
 323611 122 6
 323619 124 0
 323621 126 0
 323622 130 1
 323643 126 0
 323648 128 1
 323654 128 0
 323660 128 0
 323670 126 3
 323671 128 5
 323676 128 1
 323679 126 0
 323686 126 6
 323687 128 1
 323695 126 1
 323699 128 1
 323702 126 4
 323732 128 1
 323733 132 1
 323739 128 0
 323740 128 3
 323748 124 0
 323765 128 0
 323771 132 1
 323798 130 1
 323801 126 0
 323805 124 3
 323809 130 1
 323851 128 2
 323860 126 0
 323861 126 0
 323872 128 0
 323875 126 3
 323877 128 3
 323886 122 2
 323900 124 3
 323906 126 1
 323908 128 2
 323930 124 1
 323932 128 1
 323932 128 0
 323947 128 4
 323970 124 0
 323976 126 0
 323981 130 0
 323992 128 1
 323993 124 1
 324004 128 1
 324013 128 0
 324037 132 0
 324055 128 1
 324055 128 0
 324063 128 2
 324064 126 4
 324065 130 2
 324081 128 0
 324092 128 1
 324103 134 4
 324107 128 0
 324114 126 0
 324121 128 1
 324128 128 1
 324148 128 1
 324153 128 6
 324154 128 1
 324154 128 2
 324161 128 1
 324184 128 0
 324189 128 0
 324199 124 3
 324210 126 0
 324216 132 1
 324216 126 1
 324223 128 3
 324234 126 0
 324235 128 1
 324238 128 7
 324238 130 1
 324241 128 2
 324243 124 2
 324244 124 0
 324249 130 1
 324254 128 7
 324260 124 2
 324270 126 1
 324279 132 1
 324287 124 0
 324299 128 1
 324305 124 2
 324313 128 1
 324321 124 2
 324321 128 1
 324338 128 3
 324341 124 1
 324343 128 0
 324345 128 4
 324356 130 1
 324360 128 1
 324373 124 0
 324384 126 0
 324386 128 0
 324387 128 0
 324392 126 1
 324399 126 1
 324411 130 1
 324414 126 0
 324428 128 0
 324443 128 1
 324447 128 2
 324448 128 0
 324464 124 0
 324469 128 2
 324475 126 0
 324496 126 0
 324508 128 3
 324520 130 1
 324528 130 3
 324550 126 1
 324552 126 3
 324553 130 0
 324557 128 0
 324561 124 0
 324567 132 1
 324573 124 1
 324594 124 0
 324601 128 3
 324602 126 0
 324602 128 0
 324610 128 7
 324611 124 3
 324620 128 1
 324625 128 0
 324627 130 2
 324628 130 0
 324638 128 0
 324639 128 1
 324639 132 1
 324647 130 4
 324655 132 0
 324660 130 1
 324670 134 0
 324680 128 0
 324684 128 1
 324688 128 0
 324688 128 1
 324698 126 0
 324698 128 0
 324706 128 3
 324716 128 2
 324722 130 1
 324732 130 1
 324769 126 0
 324782 130 0
 324789 128 0
 324793 130 1
 324796 128 0
 324799 130 1
 324799 130 3
 324809 130 2
 324817 128 3
 324821 128 0
 324849 126 3
 324857 128 1
 324881 128 3
 324886 128 0
 324886 130 0
 324890 130 2
 324898 128 1
 324908 128 0
 324909 130 0
 324914 128 0
 324917 128 1
 324925 128 1
 324929 128 0
 324931 128 2
 324933 128 1
 324938 126 0
 324946 128 1
 324946 128 0
 324948 128 5
 324952 128 0
 324959 132 0
 324977 130 1
 324987 130 3
 325003 124 0
 325011 128 1
 325015 128 1
 325027 126 0
 325030 128 2
 325043 128 2
 325049 126 0
 325053 132 2
 325056 130 1
 325058 130 6
 325062 128 0
 325066 132 1
 325070 132 2
 325076 128 0
 325084 128 4
 325096 126 4
 325096 128 0
 325105 130 0
 325107 130 4
 325113 128 0
 325113 128 1
 325117 132 1
 325132 128 0
 325139 128 2
 325140 126 0
 325140 130 0
 325144 132 3
 325146 126 0
 325149 128 1
 325176 130 0
 325177 130 0
 325180 128 0
 325187 128 0
 325194 124 0
 325196 130 0
 325205 130 1
 325206 128 0
 325213 130 4
 325213 128 0
 325213 130 1
 325225 130 1
 325226 130 1
 325226 126 0
 325228 124 4
 325230 128 1
 325233 126 0
 325240 128 1
 325252 128 0
 325262 130 0
 325313 130 0
 325329 128 0
 325336 126 0
 325336 130 1
 325337 132 4
 325339 126 1
 325348 128 0
 325352 126 1
 325358 128 0
 325358 128 0
 325367 130 1
 325369 132 1
 325372 132 1
 325374 132 1
 325413 128 0
 325413 128 0
 325414 130 1
 325422 130 2
 325429 130 0
 325433 128 2
 325453 126 1
 325461 128 2
 325488 130 1
 325493 128 4
 325493 128 1
 325495 130 0
 325499 130 0
 325505 128 1
 325508 130 4
 325510 126 0
 325522 130 3
 325527 130 3
 325529 126 0
 325532 130 0
 325546 132 0
 325547 128 0
 325548 130 0
 325568 130 0
 325568 130 1
 325575 132 0
 325589 130 0
 325600 128 0
 325602 130 1
 325617 130 0
 325619 128 1
 325620 128 0
 325620 130 3
 325628 130 0
 325631 130 2
 325637 130 0
 325639 128 5
 325641 130 1
 325657 132 1
 325661 126 1
 325664 136 2
 325665 128 2
 325677 128 0
 325687 132 1
 325696 126 0
 325701 126 1
 325701 128 0
 325704 130 5
 325709 132 4
 325720 128 1
 325733 132 0
 325736 130 5
 325738 130 1
 325746 130 0
 325752 130 0
 325756 126 0
 325760 134 0
 325761 126 1
 325802 130 0
 325826 128 7
 325835 132 1
 325847 130 4
 325848 132 1
 325856 128 2
 325870 128 0
 325871 126 0
 325871 134 1
 325872 130 1
 325877 130 0
 325887 130 0
 325898 130 0
 325901 130 3
 325909 126 0
 325919 130 3
 325920 128 1
 325927 130 2
 325930 128 0
 325933 130 3
 325936 130 2
 325939 130 0
 325940 132 0
 325946 132 1
 325951 130 0
 325954 132 0
 325959 130 0
 325961 130 0
 325963 130 0
 325969 128 3
 325985 134 1
 325998 132 0
 326000 130 1
 326001 128 2
 326002 128 0
 326010 128 0
 326031 130 0
 326039 128 0
 326063 130 0
 326064 130 2
 326071 132 2
 326078 130 1
 326081 132 2
 326090 132 1
 326105 130 0
 326112 128 0
 326114 134 3
 326124 134 0
 326131 130 2
 326147 130 0
 326153 130 0
 326155 130 2
 326161 128 0
 326166 130 1
 326182 132 2
 326183 128 3
 326183 130 0
 326185 132 0
 326195 128 3
 326199 126 2
 326199 128 2
 326203 128 1
 326212 132 1
 326232 130 1
 326240 126 0
 326241 134 2
 326250 134 2
 326262 130 2
 326265 128 3
 326270 130 0
 326284 130 4
 326290 134 0
 326295 126 1
 326298 130 1
 326314 126 1
 326319 130 0
 326320 132 0
 326333 130 0
 326380 130 1
 326388 128 0
 326391 130 0
 326393 130 1
 326399 128 1
 326407 130 5
 326407 130 0
 326410 134 2
 326414 126 1
 326415 136 1
 326439 136 0
 326450 126 1
 326457 130 0
 326467 130 3
 326469 132 0
 326479 132 0
 326481 130 0
 326482 130 0
 326492 130 1
 326495 130 2
 326498 130 0
 326503 130 1
 326505 130 0
 326506 130 0
 326515 128 1
 326525 132 0
 326533 130 0
 326539 130 0
 326568 130 2
 326573 130 0
 326574 132 1
 326578 130 0
 326584 136 0
 326584 134 0
 326585 130 2
 326589 130 0
 326602 128 0
 326605 132 3
 326608 130 4
 326632 126 0
 326633 132 2
 326640 128 0
 326641 130 1
 326646 128 0
 326651 128 0
 326652 128 2
 326658 128 0
 326659 128 2
 326663 128 1
 326669 130 0
 326678 130 2
 326679 126 6
 326712 130 1
 326713 132 0
 326716 130 0
 326721 132 0
 326722 132 0
 326725 128 1
 326729 132 0
 326734 132 0
 326742 130 0
 326756 128 0
 326761 130 0
 326782 128 0
 326796 130 0
 326801 132 2
 326810 128 3
 326813 130 6
 326820 130 1
 326831 132 2
 326836 128 0
 326848 130 0
 326849 134 0
 326853 134 3
 326870 134 0
 326873 128 0
 326877 132 0
 326879 130 0
 326885 130 0
 326889 132 2
 326891 130 0
 326897 134 1
 326905 132 1
 326908 130 1
 326914 132 0
 326920 132 0
 326928 130 1
 326932 132 0
 326947 130 0
 326955 130 0
 326961 130 1
 326983 134 1
 326986 132 2
 327003 130 0
 327011 130 2
 327014 132 1
 327028 130 2
 327028 130 1
 327028 132 1
 327032 134 2
 327036 134 0
 327044 130 1
 327051 134 0
 327056 132 0
 327058 130 2
 327063 130 0
 327079 128 2
 327083 130 1
 327091 130 1
 327093 132 0
 327094 130 4
 327102 132 3
 327103 132 0
 327105 130 0
 327108 132 1
 327111 130 0
 327115 132 4
 327116 132 0
 327138 132 0
 327140 134 1
 327153 132 1
 327158 132 3
 327161 128 0
 327161 132 3
 327190 132 0
 327196 130 6
 327205 128 0
 327218 130 1
 327224 130 0
 327237 128 4
 327240 132 0
 327250 132 0
 327250 132 0
 327264 130 2
 327264 132 0
 327275 132 0
 327280 132 0
 327286 128 0
 327300 132 0
 327315 130 1
 327326 134 1
 327327 132 2
 327347 132 1
 327348 134 2
 327356 132 1
 327361 130 4
 327373 132 0
 327379 128 0
 327379 132 0
 327387 130 1
 327394 132 1
 327395 132 0
 327396 130 0
 327400 128 0
 327400 132 0
 327420 132 0
 327426 132 0
 327433 130 1
 327438 132 2
 327439 134 1
 327448 130 4
 327449 128 0
 327451 136 0
 327454 132 0
 327455 132 0
 327457 132 4
 327458 132 0
 327467 132 1
 327467 134 2
 327476 132 0
 327489 132 0
 327508 134 3
 327523 132 2
 327528 132 0
 327530 132 0
 327539 134 1
 327540 132 1
 327543 130 0
 327544 132 0
 327563 132 0
 327569 132 1
 327579 130 1
 327581 132 1
 327591 130 0
 327600 132 1
 327603 132 0
 327604 132 1
 327616 134 0
 327621 132 4
 327626 132 0
 327636 132 0
 327644 128 2
 327644 132 1
 327659 130 2
 327662 132 0
 327679 132 0
 327686 132 2
 327686 132 2
 327687 132 3
 327689 132 1
 327694 132 1
 327704 132 2
 327706 132 1
 327712 128 2
 327718 134 0
 327720 134 2
 327726 132 0
 327728 132 1
 327741 132 3
 327742 134 5
 327746 132 0
 327748 132 0
 327748 130 0
 327748 134 2
 327750 132 0
 327752 128 4
 327757 128 1
 327762 128 2
 327770 132 1
 327773 132 0
 327779 132 0
 327792 130 3
 327800 132 1
 327826 132 0
 327827 130 0
 327835 132 0
 327839 130 2
 327839 132 0
 327841 132 1
 327841 134 0
 327852 132 5
 327853 132 1
 327856 128 1
 327859 128 1
 327860 132 0
 327878 132 1
 327878 132 1
 327879 132 0
 327882 130 1
 327889 136 1
 327890 132 0
 327904 130 2
 327905 134 2
 327911 132 0
 327912 134 0
 327925 132 1
 327929 132 0
 327931 132 0
 327932 132 2
 327956 132 1
 327964 132 0
 327968 128 0
 327971 128 0
 327974 130 1
 327978 128 2
 327982 132 0
 327985 132 0
 327993 132 0
 327994 132 0
 327994 134 0
 328001 132 0
 328013 132 0
 328014 128 0
 328043 134 0
 328047 132 2
 328051 132 0
 328052 128 1
 328075 132 0
 328075 132 1
 328080 132 3
 328088 132 0
 328103 132 3
 328107 132 0
 328108 134 2
 328110 132 0
 328111 130 0
 328111 132 1
 328126 130 1
 328129 132 3
 328140 134 0
 328151 132 0
 328159 132 0
 328160 134 0
 328176 132 1
 328192 130 0
 328197 132 2
 328207 130 2
 328212 132 0
 328213 132 0
 328228 132 1
 328234 130 1
 328236 134 0
 328239 136 0
 328240 132 2
 328240 132 0
 328244 134 0
 328252 132 2
 328257 132 0
 328258 132 0
 328266 136 0
 328270 132 0
 328284 132 0
 328289 132 1
 328294 132 1
 328294 134 2
 328296 132 0
 328303 134 0
 328329 134 2
 328331 134 1
 328345 132 1
 328346 136 2
 328346 134 0
 328361 132 0
 328366 130 4
 328366 134 0
 328369 134 0
 328378 132 0
 328380 132 0
 328384 134 0
 328406 132 2
 328417 132 0
 328417 136 0
 328422 134 1
 328431 138 0
 328448 132 1
 328449 134 0
 328450 134 0
 328451 132 2
 328451 134 0
 328465 134 0
 328476 130 0
 328485 134 1
 328498 132 2
 328502 132 0
 328505 134 7
 328506 134 1
 328508 132 1
 328511 130 2
 328512 134 2
 328517 134 2
 328527 132 0
 328549 132 0
 328556 132 0
 328557 136 0
 328557 134 0
 328569 130 1
 328581 136 2
 328599 132 0
 328611 134 1
 328613 132 0
 328618 134 0
 328626 132 4
 328633 132 0
 328636 136 4
 328640 132 0
 328645 134 0
 328664 134 0
 328676 132 1
 328684 134 0
 328688 136 4
 328697 134 2
 328700 132 3
 328722 132 0
 328722 136 1
 328726 134 1
 328737 130 0
 328740 132 1
 328742 134 2
 328742 136 1
 328769 134 0
 328787 132 0
 328788 134 4
 328797 134 0
 328822 132 0
 328829 132 0
 328832 134 0
 328836 134 0
 328839 132 3
 328841 134 2
 328851 134 0
 328854 134 1
 328859 130 1
 328865 130 0
 328865 134 0
 328877 132 0
 328888 134 1
 328891 134 0
 328917 134 1
 328925 134 2
 328927 134 1
 328933 136 0
 328941 132 1
 328948 134 0
 328951 134 1
 328953 134 0
 328962 134 0
 328975 134 6
 328977 134 0
 328985 134 7
 328989 132 0
 328991 134 0
 329000 132 2
 329005 134 0
 329012 134 1
 329023 134 1
 329033 132 1
 329036 130 1
 329044 138 2
 329045 132 0
 329051 134 3
 329052 134 0
 329074 136 2
 329074 132 5
 329076 130 4
 329077 134 0
 329079 132 1
 329080 134 0
 329080 136 3
 329081 134 1
 329099 134 0
 329104 132 6
 329115 132 0
 329116 134 0
 329122 134 1
 329128 134 0
 329141 134 0
 329154 136 0
 329160 132 0
 329160 134 4
 329168 134 1
 329170 136 2
 329171 134 0
 329172 136 0
 329174 134 0
 329178 130 0
 329180 136 0
 329192 134 4
 329218 134 0
 329224 134 1
 329225 134 0
 329240 130 3
 329247 130 3
 329250 136 3
 329251 134 3
 329255 130 0
 329261 134 2
 329276 134 2
 329280 134 1
 329281 134 0
 329303 134 0
 329314 132 0
 329317 134 0
 329318 136 0
 329328 132 0
 329336 132 0
 329336 134 1
 329349 134 1
 329351 134 1
 329353 134 0
 329357 132 2
 329360 130 3
 329367 134 3
 329371 134 0
 329378 130 1
 329384 132 2
 329384 134 0
 329391 132 4
 329394 134 1
 329398 136 1
 329415 134 1
 329428 130 0
 329430 134 0
 329444 134 1
 329448 134 0
 329461 132 0
 329467 136 1
 329468 130 0
 329471 134 0
 329472 132 5
 329483 132 0
 329484 134 1
 329488 132 1
 329498 132 4
 329500 134 0
 329503 130 0
 329510 134 3
 329518 134 0
 329522 134 0
 329523 132 1
 329525 130 0
 329529 132 4
 329530 132 0
 329532 134 0
 329532 136 0
 329541 134 0
 329560 132 0
 329573 134 2
 329573 134 0
 329605 138 0
 329611 134 1
 329621 130 0
 329626 130 0
 329629 132 1
 329632 134 4
 329639 136 1
 329641 132 0
 329642 130 2
 329660 130 2
 329660 134 2
 329674 132 0
 329708 134 0
 329715 134 2
 329718 134 0
 329721 136 0
 329722 134 4
 329723 136 0
 329726 134 0
 329726 134 0
 329726 136 3
 329727 134 0
 329737 130 1
 329746 138 1
 329759 136 3
 329771 134 1
 329789 134 0
 329796 134 0
 329800 136 0
 329805 134 0
 329812 134 0
 329816 134 0
 329819 134 1
 329823 134 1
 329846 134 2
 329851 134 0
 329860 134 0
 329870 134 1
 329871 134 3
 329879 134 0
 329888 134 0
 329902 136 2
 329905 130 0
 329941 136 1
 329944 132 0
 329944 138 1
 329945 138 0
 329946 134 0
 329948 136 3
 329950 134 2
 329953 130 0
 329954 132 2
 329955 134 2
 329964 136 0
 329973 134 4
 329973 138 0
 329975 136 0
 329996 136 1
 330011 136 2
 330029 136 0
 330031 134 0
 330044 132 0
 330052 134 1
 330053 134 1
 330063 134 0
 330082 132 2
 330122 136 0
 330130 136 1
 330144 134 4
 330151 136 0
 330151 132 0
 330158 134 0
 330162 136 2
 330163 136 2
 330176 136 2
 330179 134 0
 330187 136 0
 330195 134 0
 330197 136 0
 330203 136 0
 330208 134 0
 330211 136 0
 330216 134 0
 330217 136 1
 330217 136 0
 330221 136 2
 330225 136 3
 330226 136 1
 330243 132 3
 330247 132 2
 330250 134 3
 330261 136 1
 330268 136 5
 330277 132 0
 330279 132 0
 330279 132 4
 330291 134 1
 330306 136 0
 330314 136 0
 330321 136 1
 330327 138 1
 330328 134 0
 330334 136 3
 330344 136 0
 330346 134 4
 330359 136 0
 330366 134 0
 330374 136 0
 330378 134 0
 330388 136 0
 330389 136 2
 330401 134 1
 330429 136 2
 330445 134 1
 330450 132 0
 330453 136 0
 330458 132 1
 330465 136 2
 330471 136 2
 330482 138 1
 330484 136 0
 330487 140 0
 330491 140 0
 330493 134 4
 330499 134 2
 330504 136 1
 330511 136 1
 330511 136 0
 330512 136 0
 330531 136 0
 330542 136 0
 330547 134 0
 330556 136 0
 330559 136 2
 330568 136 2
 330590 134 0
 330591 132 1
 330593 136 1
 330602 136 1
 330615 132 0
 330617 136 1
 330619 136 1
 330625 136 0
 330627 136 1
 330653 132 0
 330655 136 0
 330656 138 0
 330672 132 0
 330674 140 0
 330674 136 1
 330675 138 1
 330702 136 0
 330705 136 0
 330706 136 2
 330709 134 1
 330725 134 1
 330740 136 4
 330748 134 0
 330758 132 0
 330765 136 1
 330776 136 1
 330781 134 2
 330781 136 4
 330786 136 1
 330793 136 0
 330794 136 2
 330804 136 0
 330807 134 1
 330808 136 1
 330850 136 4
 330852 136 1
 330857 136 0
 330858 136 0
 330892 136 2
 330910 136 0
 330912 136 0
 330914 140 0
 330921 134 2
 330922 132 2
 330928 136 2
 330928 136 0
 330935 136 0
 330938 134 2
 330942 136 1
 330947 136 3
 330949 136 2
 330950 138 0
 330953 134 0
 330984 132 0
 330986 134 2
 330989 136 0
 331016 136 0
 331017 134 0
 331023 132 1
 331027 138 0
 331041 134 2
 331045 136 0
 331063 136 0
 331066 138 0
 331068 136 0
 331070 134 1
 331074 134 0
 331077 136 1
 331082 136 0
 331090 134 1
 331090 136 0
 331096 136 0
 331106 132 0
 331106 138 0
 331108 136 1
 331109 134 0
 331126 136 2
 331176 138 3
 331180 136 0
 331189 136 0
 331195 136 0
 331196 136 0
 331202 136 2
 331211 134 1
 331213 136 0
 331216 134 5
 331227 136 3
 331229 134 0
 331267 136 0
 331267 136 2
 331277 138 4
 331279 136 4
 331296 132 0
 331298 136 0
 331299 136 2
 331300 136 1
 331310 138 0
 331326 134 0
 331345 136 0
 331346 136 0
 331350 138 0
 331357 134 0
 331384 138 0
 331396 136 5
 331410 138 0
 331431 138 0
 331434 138 0
 331445 136 2
 331454 132 3
 331485 136 0
 331500 138 0
 331506 138 0
 331507 140 0
 331521 136 2
 331530 134 2
 331533 136 0
 331551 132 2
 331555 138 1
 331565 136 0
 331582 136 2
 331590 138 0
 331601 138 0
 331609 136 2
 331623 138 3
 331635 136 0
 331643 138 1
 331676 138 2
 331681 138 0
 331686 136 2
 331691 138 0
 331695 140 0
 331701 136 0
 331705 136 0
 331737 136 1
 331742 138 2
 331749 136 2
 331754 138 0
 331761 138 2
 331781 134 0
 331791 134 0
 331814 136 0
 331836 138 4
 331836 136 0
 331839 140 0
 331844 134 0
 331844 138 1
 331863 136 0
 331873 136 1
 331877 138 2
 331879 136 0
 331895 134 0
 331904 134 0
 331927 138 0
 331931 136 0
 331937 136 0
 331938 136 0
 331950 138 0
 331963 138 0
 331966 138 1
 331967 136 2
 331982 138 1
 331984 136 0
 331990 138 3
 332013 138 2
 332019 138 0
 332037 134 2
 332042 138 2
 332067 136 1
 332080 138 0
 332085 140 1
 332087 138 2
 332090 138 0
 332096 138 2
 332109 138 3
 332134 136 5
 332135 136 0
 332143 138 1
 332161 136 3
 332178 136 0
 332180 140 3
 332187 138 0
 332199 134 0
 332202 136 0
 332210 138 4
 332225 138 2
 332237 138 0
 332237 134 0
 332238 134 0
 332273 136 0
 332281 138 1
 332288 138 0
 332311 138 1
 332317 138 1
 332328 138 0
 332337 134 2
 332342 138 0
 332343 134 0
 332345 136 0
 332347 134 1
 332350 136 2
 332356 138 0
 332362 138 0
 332364 134 1
 332364 138 1
 332364 142 0
 332373 138 1
 332377 136 2
 332384 134 0
 332386 140 0
 332393 136 0
 332393 136 0
 332397 138 0
 332402 134 0
 332418 138 0
 332446 138 0
 332454 134 3
 332466 138 1
 332473 138 0
 332478 138 0
 332480 138 0
 332482 138 2
 332491 136 0
 332513 138 2
 332526 138 3
 332535 136 0
 332539 138 0
 332555 138 2
 332557 136 0
 332591 136 0
 332594 138 1
 332595 138 0
 332599 138 0
 332609 140 1
 332612 138 0
 332615 138 0
 332633 140 0
 332639 136 0
 332643 138 3
 332650 138 0
 332659 138 2
 332666 138 0
 332673 138 1
 332680 134 0
 332683 140 0
 332686 134 1
 332730 140 0
 332739 138 0
 332754 136 0
 332758 138 2
 332779 138 2
 332782 138 3
 332784 134 0
 332796 136 0
 332807 134 3
 332808 138 2
 332813 138 0
 332814 138 0
 332815 136 2
 332820 136 4
 332826 138 0
 332842 136 2
 332863 140 0
 332897 138 0
 332901 138 2
 332906 138 0
 332908 140 1
 332920 138 2
 332924 136 0
 332926 140 0
 332944 136 0
 332945 138 2
 332969 138 0
 332987 140 6
 333005 138 1
 333024 134 2
 333024 138 0
 333051 138 0
 333059 138 0
 333069 136 0
 333076 138 2
 333084 136 0
 333112 140 0
 333129 136 1
 333142 138 1
 333146 136 0
 333153 138 0
 333167 136 0
 333184 140 0
 333191 138 3
 333213 136 2
 333217 138 1
 333226 140 0
 333238 140 1
 333240 138 1
 333254 138 1
 333285 136 0
 333287 136 1
 333289 140 0
 333304 140 1
 333309 138 0
 333310 140 1
 333314 140 0
 333317 140 0
 333319 138 0
 333327 140 2
 333335 138 5
 333335 140 0
 333340 138 0
 333341 138 0
 333351 138 1
 333353 136 1
 333366 138 1
 333390 138 0
 333398 140 0
 333399 138 0
 333400 140 1
 333422 136 1
 333433 136 1
 333451 140 2
 333464 138 0
 333485 136 1
 333495 136 1
 333509 140 0
 333519 138 0
 333536 136 0
 333548 140 1
 333596 136 0
 333603 140 2
 333605 138 0
 333622 140 0
 333647 138 2
 333666 140 3
 333686 138 0
 333719 138 0
 333729 140 1
 333739 140 0
 333740 136 1
 333810 138 1
 333818 140 0
 333844 138 0
 333851 136 2
 333869 142 1
 333870 136 0
 333883 138 0
 333890 142 0
 333908 140 0
 333940 140 0
 333947 140 1
 333962 138 3
 333964 140 0
 333965 138 0
 333967 140 0
 333973 140 0
 333985 140 0
 334012 140 0
 334014 140 0
 334017 136 1
 334025 142 0
 334029 138 3
 334054 136 0
 334057 138 0
 334058 140 2
 334072 140 1
 334085 136 1
 334125 140 0
 334128 140 1
 334134 140 0
 334141 138 0
 334147 142 0
 334148 140 0
 334164 140 1
 334174 140 0
 334192 140 2
 334196 140 2
 334318 136 0
 334320 138 1
 334353 136 0
 334360 140 0
 334369 142 1
 334398 140 0
 334402 140 1
 334409 140 1
 334418 138 2
 334424 138 0
 334444 140 0
 334456 142 0
 334460 142 0
 334487 136 1
 334537 138 0
 334542 140 0
 334622 140 5
 334634 138 0
 334638 138 0
 334707 140 1
 334720 138 0
 334734 138 0
 334739 138 2
 334741 140 0
 334747 140 1
 334782 138 4
 334792 140 0
 334830 142 0
 334869 140 1
 334882 142 0
 334903 140 1
 334913 140 1
 334924 142 0
 334947 142 1
 334976 140 0
 335012 138 0
 335044 140 1
 335074 138 2
 335080 142 0
 335099 142 4
 335110 142 0
 335117 142 0
 335128 140 0
 335131 140 0
 335133 140 3
 335185 142 4
 335237 142 3
 335240 140 0
 335268 138 4
 335319 138 0
 335332 138 0
 335362 140 4
 335388 142 0
 335394 142 0
 335439 140 2
 335448 140 0
 335470 138 2
 335475 140 0
 335484 142 0
 335494 138 0
 335497 140 0
 335512 140 2
 335523 144 0
 335531 138 0
 335533 142 0
 335591 142 0
 335599 142 0
 335613 142 1
 335632 142 2
 335635 142 0
 335643 140 1
 335663 138 1
 335668 142 0
 335671 142 1
 335694 140 0
 335711 142 2
 335735 140 4
 335742 138 0
 335791 142 3
 335817 144 4
 335834 140 3
 335865 140 1
 335893 142 2
 335902 138 0
 335914 142 2
 335947 140 0
 335954 142 2
 335969 146 0
 335984 142 3
 336020 144 0
 336069 140 3
 336087 142 0
 336092 146 0
 336124 142 0
 336126 140 0
 336148 138 0
 336212 142 0
 336242 142 0
 336321 142 0
 336347 144 0
 336348 142 2
 336375 140 3
 336390 140 0
 336425 144 1
 336440 140 0
 336443 144 0
 336495 142 0
 336519 146 2
 336532 142 2
 336569 140 0
 336569 142 0
 336729 142 0
 336751 142 2
 336824 140 0
 336860 146 1
 336927 144 0
 336966 144 0
 336967 140 0
 336972 144 0
 337075 140 1
 337090 144 0
 337093 144 0
 337176 144 0
 337202 140 1
 337337 140 0
 337419 142 1
 337529 140 1
 337541 144 0
 337610 144 4
 337623 142 3
 337624 144 0
 337633 142 0
 337642 144 1
 337650 146 0
 337917 144 0
 338056 146 4
 338165 142 0
 338331 146 0
 338339 142 0
 338408 144 0
 338670 142 0
 338676 142 0
 338794 146 0
 338886 146 1
 338896 150 1
 339049 142 2
 339163 142 1
 339168 144 1
 339265 142 0
 339337 148 0
 339431 148 1
 339930 148 2
 340005 144 2
 340096 144 0
 340337 148 2
 340367 146 0
 340373 144 1
 340504 150 0
 341015 150 0
 343685 148 0
 343699 154 0
 344262 150 1


# name: idx
# type: bool matrix
# rows: 2580
# columns: 1
 0
 0
 0
 0
 0
 0
 0
 0
 0
 0
 0
 0
 1
 0
 1
 1
 1
 0
 0
 0
 0
 0
 0
 0
 0
 0
 0
 0
 0
 0
 0
 0
 0
 0
 0
 0
 0
 0
 0
 0
 0
 0
 0
 0
 0
 0
 0
 0
 0
 0
 0
 0
 0
 0
 0
 0
 0
 0
 0
 0
 0
 0
 0
 0
 0
 0
 0
 0
 0
 0
 0
 0
 0
 0
 0
 0
 0
 0
 0
 0
 0
 0
 0
 0
 0
 0
 0
 0
 0
 0
 0
 0
 0
 0
 0
 0
 0
 0
 0
 0
 0
 0
 0
 0
 0
 0
 0
 0
 0
 0
 0
 0
 0
 0
 0
 0
 0
 0
 0
 0
 0
 0
 0
 0
 0
 0
 0
 0
 0
 0
 0
 0
 0
 0
 0
 0
 0
 0
 0
 0
 0
 0
 0
 0
 0
 0
 0
 0
 0
 0
 0
 0
 0
 0
 0
 0
 0
 0
 0
 0
 0
 0
 0
 0
 0
 0
 0
 0
 0
 0
 0
 0
 0
 0
 0
 0
 0
 0
 0
 0
 0
 0
 0
 0
 0
 0
 0
 0
 0
 0
 0
 0
 0
 0
 0
 0
 0
 0
 0
 0
 0
 0
 0
 0
 0
 0
 0
 0
 0
 0
 0
 0
 0
 0
 0
 0
 0
 0
 0
 0
 0
 0
 0
 0
 0
 0
 0
 0
 0
 0
 0
 0
 0
 0
 0
 0
 0
 0
 0
 0
 0
 0
 0
 0
 0
 0
 0
 0
 0
 0
 0
 0
 0
 0
 0
 0
 0
 0
 0
 0
 0
 0
 0
 0
 0
 0
 0
 0
 0
 0
 0
 0
 0
 0
 0
 0
 0
 0
 0
 0
 0
 0
 0
 0
 0
 0
 0
 0
 0
 0
 0
 0
 0
 0
 0
 0
 0
 0
 0
 0
 0
 0
 0
 0
 0
 0
 0
 0
 0
 0
 0
 0
 0
 0
 0
 0
 0
 0
 0
 0
 0
 0
 0
 0
 0
 0
 0
 0
 0
 0
 0
 0
 0
 0
 0
 0
 0
 0
 0
 0
 0
 0
 0
 0
 0
 0
 0
 0
 0
 0
 0
 0
 0
 0
 0
 0
 0
 0
 0
 0
 0
 0
 0
 0
 0
 0
 0
 0
 0
 0
 0
 0
 0
 0
 0
 0
 0
 0
 0
 0
 0
 0
 0
 0
 0
 0
 0
 0
 0
 0
 0
 0
 0
 0
 0
 0
 0
 0
 0
 0
 0
 0
 0
 0
 0
 0
 0
 0
 0
 0
 0
 0
 0
 0
 0
 0
 0
 0
 0
 0
 0
 0
 0
 0
 0
 0
 0
 0
 0
 0
 0
 0
 0
 0
 0
 0
 0
 0
 0
 0
 0
 0
 0
 0
 0
 0
 0
 0
 0
 0
 0
 0
 0
 0
 0
 0
 0
 0
 0
 0
 0
 0
 0
 0
 0
 0
 0
 0
 0
 0
 0
 0
 0
 0
 0
 0
 0
 0
 0
 0
 0
 0
 0
 0
 0
 0
 0
 0
 0
 0
 0
 0
 0
 0
 0
 0
 0
 0
 0
 0
 0
 0
 0
 0
 0
 0
 0
 0
 0
 0
 0
 0
 0
 0
 0
 0
 0
 0
 0
 0
 0
 0
 0
 0
 0
 0
 0
 0
 0
 0
 0
 0
 0
 0
 0
 0
 0
 0
 0
 0
 0
 0
 0
 0
 0
 0
 0
 0
 0
 0
 0
 0
 0
 0
 0
 0
 0
 0
 0
 0
 0
 0
 0
 0
 0
 0
 0
 0
 0
 0
 0
 0
 0
 0
 0
 0
 0
 0
 0
 0
 0
 0
 0
 0
 0
 0
 0
 0
 0
 0
 0
 0
 0
 0
 0
 0
 0
 0
 0
 0
 0
 0
 0
 0
 0
 0
 0
 0
 0
 0
 0
 0
 0
 0
 0
 0
 0
 0
 0
 0
 0
 0
 0
 0
 0
 0
 0
 0
 0
 0
 0
 0
 0
 0
 0
 0
 0
 0
 0
 0
 0
 0
 0
 0
 0
 0
 0
 0
 0
 0
 0
 0
 0
 0
 0
 0
 0
 0
 0
 0
 0
 0
 0
 0
 0
 0
 0
 0
 0
 0
 0
 0
 0
 0
 0
 0
 0
 0
 0
 0
 0
 0
 0
 0
 0
 0
 0
 0
 0
 0
 0
 0
 0
 0
 0
 0
 0
 0
 0
 0
 0
 0
 0
 0
 0
 0
 0
 0
 0
 0
 0
 0
 0
 0
 0
 0
 0
 0
 0
 0
 0
 0
 0
 0
 0
 0
 0
 0
 0
 0
 0
 0
 0
 0
 0
 0
 0
 0
 0
 0
 0
 0
 0
 0
 0
 0
 0
 0
 0
 0
 0
 0
 0
 0
 0
 0
 0
 0
 0
 0
 0
 0
 0
 0
 0
 0
 0
 0
 0
 0
 0
 0
 0
 0
 0
 0
 0
 0
 0
 0
 0
 0
 0
 0
 0
 0
 0
 0
 0
 0
 0
 0
 0
 0
 0
 0
 0
 0
 0
 0
 0
 0
 0
 0
 0
 0
 0
 0
 0
 0
 0
 0
 0
 0
 0
 0
 0
 0
 0
 0
 0
 0
 0
 0
 0
 0
 0
 0
 0
 0
 0
 0
 0
 0
 0
 0
 0
 0
 0
 0
 0
 0
 0
 0
 0
 0
 0
 0
 0
 0
 0
 0
 0
 0
 0
 0
 0
 0
 0
 0
 0
 0
 0
 0
 0
 0
 0
 0
 0
 0
 0
 0
 0
 0
 0
 0
 0
 0
 0
 0
 0
 0
 0
 0
 0
 0
 0
 0
 0
 0
 0
 0
 0
 0
 0
 0
 0
 0
 0
 0
 0
 0
 0
 0
 0
 0
 0
 0
 0
 0
 0
 0
 0
 0
 0
 0
 0
 0
 0
 0
 0
 0
 0
 0
 0
 0
 0
 0
 0
 0
 0
 0
 0
 0
 0
 0
 0
 0
 0
 0
 0
 0
 0
 0
 0
 0
 0
 0
 0
 0
 0
 0
 0
 0
 0
 0
 0
 0
 0
 0
 0
 0
 0
 0
 0
 0
 0
 0
 0
 0
 0
 0
 0
 0
 0
 0
 0
 0
 0
 0
 0
 0
 0
 0
 0
 0
 0
 0
 0
 0
 0
 0
 0
 0
 0
 0
 0
 0
 0
 0
 0
 0
 0
 0
 0
 0
 0
 0
 0
 0
 0
 0
 0
 0
 0
 0
 0
 0
 0
 0
 0
 0
 0
 0
 0
 0
 0
 0
 0
 0
 0
 0
 0
 0
 0
 0
 0
 0
 0
 0
 0
 0
 0
 0
 0
 0
 0
 0
 0
 0
 0
 0
 0
 0
 0
 0
 0
 0
 0
 0
 0
 0
 0
 0
 0
 0
 0
 0
 0
 0
 0
 0
 0
 0
 0
 0
 0
 0
 0
 0
 0
 0
 0
 0
 0
 0
 0
 0
 0
 0
 0
 0
 0
 0
 0
 0
 0
 0
 0
 0
 0
 0
 0
 0
 0
 0
 0
 0
 0
 0
 0
 0
 0
 0
 0
 0
 0
 0
 0
 0
 0
 0
 0
 0
 0
 0
 0
 0
 0
 0
 0
 0
 0
 0
 0
 0
 0
 0
 0
 0
 0
 0
 0
 0
 0
 0
 0
 0
 0
 0
 0
 0
 0
 0
 0
 0
 0
 0
 0
 0
 0
 0
 0
 0
 0
 0
 0
 0
 0
 0
 0
 0
 0
 0
 0
 0
 0
 0
 0
 0
 0
 0
 0
 0
 0
 0
 0
 0
 0
 0
 0
 0
 0
 0
 0
 0
 0
 0
 0
 0
 0
 0
 0
 0
 0
 0
 0
 0
 0
 0
 0
 0
 0
 0
 0
 0
 0
 0
 0
 0
 0
 0
 0
 0
 0
 0
 0
 0
 0
 0
 0
 0
 0
 0
 0
 0
 0
 0
 0
 0
 0
 0
 0
 0
 0
 0
 0
 0
 0
 0
 0
 0
 0
 0
 0
 0
 0
 0
 0
 0
 0
 0
 0
 0
 0
 0
 0
 0
 0
 0
 0
 0
 0
 0
 0
 0
 0
 0
 0
 0
 0
 0
 0
 0
 0
 0
 0
 0
 0
 0
 0
 0
 0
 0
 0
 0
 0
 0
 0
 0
 0
 0
 0
 0
 0
 0
 0
 0
 0
 0
 0
 0
 0
 0
 0
 0
 0
 0
 0
 0
 0
 0
 0
 0
 0
 0
 0
 0
 0
 0
 0
 0
 0
 0
 0
 0
 0
 0
 0
 0
 0
 0
 0
 0
 0
 0
 0
 0
 0
 0
 0
 0
 0
 0
 0
 0
 0
 0
 0
 0
 0
 0
 0
 0
 0
 0
 0
 0
 0
 0
 0
 0
 0
 0
 0
 0
 0
 0
 0
 0
 0
 0
 0
 0
 0
 0
 0
 0
 0
 0
 0
 0
 0
 0
 0
 0
 0
 0
 0
 0
 0
 0
 0
 0
 0
 0
 0
 0
 0
 0
 0
 0
 0
 0
 0
 0
 0
 0
 0
 0
 0
 0
 0
 0
 0
 0
 0
 0
 0
 0
 0
 0
 0
 0
 0
 0
 0
 0
 0
 0
 0
 0
 0
 0
 0
 0
 0
 0
 0
 0
 0
 0
 0
 0
 0
 0
 0
 0
 0
 0
 0
 0
 0
 0
 0
 0
 0
 0
 0
 0
 0
 0
 0
 0
 0
 0
 0
 0
 0
 0
 0
 0
 0
 0
 0
 0
 0
 0
 0
 0
 0
 0
 0
 0
 0
 0
 0
 0
 0
 0
 0
 0
 0
 0
 0
 0
 0
 0
 0
 0
 0
 0
 0
 0
 0
 0
 0
 0
 0
 0
 0
 0
 0
 0
 0
 0
 0
 0
 0
 0
 0
 0
 0
 0
 0
 0
 0
 0
 0
 0
 0
 0
 0
 0
 0
 0
 0
 0
 0
 0
 0
 0
 0
 0
 0
 0
 0
 0
 0
 0
 0
 0
 0
 0
 0
 0
 0
 0
 0
 0
 0
 0
 0
 0
 0
 0
 0
 0
 0
 0
 0
 0
 0
 0
 0
 0
 0
 0
 0
 0
 0
 0
 0
 0
 0
 0
 0
 0
 0
 0
 0
 0
 0
 0
 0
 0
 0
 0
 0
 0
 0
 0
 0
 0
 0
 0
 0
 0
 0
 0
 0
 0
 0
 0
 0
 0
 0
 0
 0
 0
 0
 0
 0
 0
 0
 0
 0
 0
 0
 0
 0
 0
 0
 0
 0
 0
 0
 0
 0
 0
 0
 0
 0
 0
 0
 0
 0
 0
 0
 0
 0
 0
 0
 0
 0
 0
 0
 0
 0
 0
 0
 0
 0
 0
 0
 0
 0
 0
 0
 0
 0
 0
 0
 0
 0
 0
 0
 0
 0
 0
 0
 0
 0
 0
 0
 0
 0
 0
 0
 0
 0
 0
 0
 0
 0
 0
 0
 0
 0
 0
 0
 0
 0
 0
 0
 0
 0
 0
 0
 0
 0
 0
 0
 0
 0
 0
 0
 0
 0
 0
 0
 0
 0
 0
 0
 0
 0
 0
 0
 0
 0
 0
 0
 0
 0
 0
 0
 0
 0
 0
 0
 0
 0
 0
 0
 0
 0
 0
 0
 0
 0
 0
 0
 0
 0
 0
 0
 0
 0
 0
 0
 0
 0
 0
 0
 0
 0
 0
 0
 0
 0
 0
 0
 0
 0
 0
 0
 0
 0
 0
 0
 0
 0
 0
 0
 0
 0
 0
 0
 0
 0
 0
 0
 0
 0
 0
 0
 0
 0
 0
 0
 0
 0
 0
 0
 0
 0
 0
 0
 0
 0
 0
 0
 0
 0
 0
 0
 0
 0
 0
 0
 0
 0
 0
 0
 0
 0
 0
 0
 0
 0
 0
 0
 0
 0
 0
 0
 0
 0
 0
 0
 0
 0
 0
 0
 0
 0
 0
 0
 0
 0
 0
 0
 0
 0
 0
 0
 0
 0
 0
 0
 0
 0
 0
 0
 0
 0
 0
 0
 0
 0
 0
 0
 0
 0
 0
 0
 0
 0
 0
 0
 0
 0
 0
 0
 0
 0
 0
 0
 0
 0
 0
 0
 0
 0
 0
 0
 0
 0
 0
 0
 0
 0
 0
 0
 0
 0
 0
 0
 0
 0
 0
 0
 0
 0
 0
 0
 0
 0
 0
 0
 0
 0
 0
 0
 0
 0
 0
 0
 0
 0
 0
 0
 0
 0
 0
 0
 0
 0
 0
 0
 0
 0
 0
 0
 0
 0
 0
 0
 0
 0
 0
 0
 0
 0
 0
 0
 0
 0
 0
 0
 0
 0
 0
 0
 0
 0
 0
 0
 0
 0
 0
 0
 0
 0
 0
 0
 0
 0
 0
 0
 0
 0
 0
 0
 0
 0
 0
 0
 0
 0
 0
 0
 0
 0
 0
 0
 0
 0
 0
 0
 0
 0
 0
 0
 0
 0
 0
 0
 0
 0
 0
 0
 0
 0
 0
 0
 0
 0
 0
 0
 0
 0
 0
 0
 0
 0
 0
 0
 0
 0
 0
 0
 0
 0
 0
 0
 0
 0
 0
 0
 0
 0
 0
 0
 0
 0
 0
 0
 0
 0
 0
 0
 0
 0
 0
 0
 0
 0
 0
 0
 0
 0
 0
 0
 0
 0
 0
 0
 0
 0
 0
 0
 0
 0
 0
 0
 0
 0
 0
 0
 0
 0
 0
 0
 0
 0
 0
 0
 0
 0
 0
 0
 0
 0
 0
 0
 0
 0
 0
 0
 0
 0
 0
 0
 0
 0
 0
 0
 0
 0
 0
 0
 0
 0
 0
 0
 0
 0
 0
 0
 0
 0
 0
 0
 0
 0
 0
 0
 0
 0
 0
 0
 0
 0
 0
 0
 0
 0
 0
 0
 0
 0
 0
 0
 0
 0
 0
 0
 0
 0
 0
 0
 0
 0
 0
 0
 0
 0
 0
 0
 0
 0
 0
 0
 0
 0
 0
 0
 0
 0
 0
 0
 0
 0
 0
 0
 0
 0
 0
 0
 0
 0
 0
 0
 0
 0
 0
 0
 0
 0
 0
 0
 0
 0
 0
 0
 0
 0
 0
 0
 0
 0
 0
 0
 0
 0
 0
 0
 0
 0
 0
 0
 0
 0
 0
 0
 0
 0
 0
 0
 0
 0
 0
 0
 0
 0
 0
 0
 0
 0
 0
 0
 0
 0
 0
 0
 0
 0
 0
 0
 0
 0
 0
 0
 0
 0
 0
 0
 0
 0
 0
 0
 0
 0
 0
 0
 0
 0
 0
 0
 0
 0
 0
 0
 0
 0
 0
 0
 0
 0
 0
 0
 0
 0
 0
 0
 0
 0
 0
 0
 0
 0
 0
 0
 0
 0
 0
 0
 0
 0
 0
 0
 0
 0
 0
 0
 0
 0
 0
 0
 0
 0
 0
 0
 0
 0
 0
 0
 0
 0
 0
 0
 0
 0
 0
 0
 0
 0
 0
 0
 0
 0
 0
 0
 0
 0
 0
 0
 0
 0
 0
 0
 0
 0
 0
 0
 0
 0
 0
 0
 0
 0
 0
 0
 0
 0
 0
 0
 0
 0
 0
 0
 0
 0
 0
 0
 0
 0
 0
 0
 0
 0
 0
 0
 0
 0
 0
 0
 0
 0
 0
 0
 0
 0
 0
 0
 0
 0
 0
 0
 0
 0
 0
 0
 0
 0
 0
 0
 0
 0
 0
 0
 0
 0
 0
 0
 0
 0
 0
 0
 0
 0
 0
 0
 0
 0
 0
 0
 0
 0
 0
 0
 0
 0
 0
 0
 0
 0
 0
 0
 0
 0
 0
 0
 0
 0
 0
 0
 0
 0
 0
 0
 0
 0
 0
 0
 0
 0
 0
 0
 0
 0
 0
 0
 0
 0
 0
 0
 0
 0
 0
 0
 0
 0
 0
 0
 0
 0
 0
 0
 0
 0
 0
 0
 0
 0
 0
 0
 0
 0
 0
 0
 0
 0
 0
 0
 0
 0
 0
 0
 0
 0
 0
 0
 0
 0
 0
 0
 0
 0
 0
 0
 0
 0
 0
 0
 0
 0
 0
 0
 0
 0
 0
 0
 0
 0
 0
 0
 0
 0
 0
 0
 0
 0
 0
 0
 0
 0
 0
 0
 0
 0
 0
 0
 0
 0
 0
 0
 0
 0
 0
 0
 0
 0
 0
 0
 0
 0
 0
 0
 0
 0
 0
 0
 0
 0
 0
 0
 0
 0
 0
 0
 0
 0
 0
 0
 0
 0
 0
 0
 0
 0
 0
 0
 0
 0
 0
 0
 0


