# Created by Octave 3.8.2, Fri Apr 08 09:29:00 2016 BST <yy12135@salties>
# name: D
# type: matrix
# rows: 18
# columns: 4
 83.026 83.92999999999999 0.579833984375 -1.483833984374996
 83.01300000000001 83.92999999999999 1.15966796875 -2.076667968749987
 83.387 83.92999999999999 1.708984375 -2.251984374999992
 83.96599999999999 83.92999999999999 2.288818359375 -2.252818359374999
 84.554 83.92999999999999 2.86865234375 -2.244652343749991
 87.99250000000001 84.468 5.706787109375 -2.182287109374997
 89.169 84.468 6.8359375 -2.134937500000007
 90.30500000000001 84.468 7.99560546875 -2.158605468749997
 99.39449999999999 84.468 17.120361328125 -2.19386132812501
 110.778 84.468 28.50341796875 -2.193417968749998
 122.2205 84.468 39.9169921875 -2.164492187500002
 139.908 85.006 57.0068359375 -2.104835937500013
 157.148 85.006 74.0966796875 -1.954679687500004
 186.547 85.006 103.45458984375 -1.913589843750003
 215.013 85.006 131.988525390625 -1.981525390624995
 255.126 85.006 171.905517578125 -1.785517578124995
 312.778 85.006 229.705810546875 -1.93381054687498
 341.328 85.006 258.1787109375 -1.856710937499997


# name: E
# type: matrix
# rows: 18
# columns: 1
 -1.483833984374996
 -2.076667968749987
 -2.251984374999992
 -2.252818359374999
 -2.244652343749991
 -2.182287109374997
 -2.134937500000007
 -2.158605468749997
 -2.19386132812501
 -2.193417968749998
 -2.164492187500002
 -2.104835937500013
 -1.954679687500004
 -1.913589843750003
 -1.981525390624995
 -1.785517578124995
 -1.93381054687498
 -1.856710937499997


# name: TA
# type: matrix
# rows: 18
# columns: 1
 0.579833984375
 1.15966796875
 1.708984375
 2.288818359375
 2.86865234375
 5.706787109375
 6.8359375
 7.99560546875
 17.120361328125
 28.50341796875
 39.9169921875
 57.0068359375
 74.0966796875
 103.45458984375
 131.988525390625
 171.905517578125
 229.705810546875
 258.1787109375


# name: TP
# type: matrix
# rows: 18
# columns: 1
 83.92999999999999
 83.92999999999999
 83.92999999999999
 83.92999999999999
 83.92999999999999
 84.468
 84.468
 84.468
 84.468
 84.468
 84.468
 85.006
 85.006
 85.006
 85.006
 85.006
 85.006
 85.006


# name: TR
# type: matrix
# rows: 18
# columns: 1
 83.026
 83.01300000000001
 83.387
 83.96599999999999
 84.554
 87.99250000000001
 89.169
 90.30500000000001
 99.39449999999999
 110.778
 122.2205
 139.908
 157.148
 186.547
 215.013
 255.126
 312.778
 341.328


# name: ans
# type: scalar
103.45458984375


# name: dtlsapptimeaes0_58ms
# type: matrix
# rows: 1
# columns: 405
 82.998 83.128 82.977 82.98 83.68600000000001 82.58799999999999 83.398 83.376 82.539 82.926 82.901 83.11199999999999 82.965 83.009 82.715 83.261 82.982 82.765 82.95699999999999 82.547 83.033 83.55500000000001 83.047 82.884 83.248 83.166 82.96899999999999 83.029 83.05 83.285 82.895 83.205 83.07599999999999 82.69499999999999 83.11199999999999 83.178 83.044 83.11199999999999 82.783 83.313 82.809 82.952 82.617 83.255 82.994 83.246 83.096 82.84 83.16 83.014 83.20999999999999 82.958 82.792 83.343 83.026 83.08499999999999 83.184 83.46599999999999 83.143 83.191 83.056 83.813 83.05 83.10299999999999 82.88200000000001 83.117 82.989 81.244 82.991 82.922 83.128 83.03 83.10899999999999 83.21599999999999 83.00700000000001 83.23 83.18600000000001 82.913 83.64 83.059 83.005 83.17700000000001 82.968 83.047 82.896 83.05500000000001 83.14400000000001 83.199 83.069 83.09399999999999 82.64700000000001 83.464 83.09099999999999 83.129 83.06999999999999 83.256 82.86499999999999 83.38500000000001 83.117 83.005 83.30800000000001 83.214 82.813 81.876 83.18899999999999 83.08 83.036 83.116 83.048 83.065 82.97799999999999 82.86199999999999 83.092 83.116 82.867 83.02800000000001 82.938 82.913 83.044 83.057 82.979 82.901 83.298 82.97499999999999 82.901 82.982 83.233 83.69499999999999 83.178 83.239 83.27200000000001 83.158 83.128 82.973 83.14100000000001 83.271 83.11199999999999 83.252 83.18600000000001 82.78700000000001 83.31100000000001 83.06100000000001 82.721 82.913 82.602 83.004 83.078 82.833 83.086 83.193 82.833 83.182 83.214 82.742 83.15300000000001 83.164 82.983 82.919 83.461 82.819 83.51600000000001 82.752 82.91200000000001 83.02 82.889 82.95699999999999 82.754 82.973 82.863 83.13800000000001 82.917 82.988 81.34999999999999 82.80200000000001 82.961 83.033 82.95999999999999 82.959 83.127 82.946 83.009 83.20399999999999 82.81699999999999 83.03 82.98699999999999 83.88200000000001 82.943 83.084 82.953 82.962 82.85599999999999 82.703 83.071 82.682 83.276 83.03100000000001 83.095 83.017 82.636 82.75700000000001 83.05200000000001 83.00700000000001 83.158 83.039 83.06699999999999 82.845 82.94199999999999 83.029 82.98399999999999 83.005 83.044 82.839 82.932 82.98999999999999 83.173 82.982 82.941 82.848 83.19 82.745 83.152 83.259 81.807 82.944 83.042 82.95 83.001 83.098 82.831 82.68000000000001 83.00700000000001 82.919 83.06999999999999 83.11499999999999 82.846 83.044 83.042 82.96299999999999 83.318 83.208 83.02500000000001 82.92 82.76300000000001 83.417 82.776 83.04900000000001 83.072 83.04600000000001 82.977 83.617 83.035 83.17 82.679 83.059 83.116 83.324 83.23 83.188 83.092 82.693 83.148 82.845 82.64 82.923 83.187 83.09099999999999 83.185 83.02 83.267 82.491 82.95399999999999 83.074 82.58199999999999 83.003 83.185 82.58799999999999 82.706 82.97199999999999 83.34 82.872 83.093 83.024 83.084 83.009 83.351 83.209 83.60599999999999 82.995 82.902 83.09699999999999 83.248 83.07899999999999 83.70099999999999 83.086 83.042 82.971 82.953 82.98399999999999 82.80200000000001 82.821 82.997 82.973 82.905 83.203 82.869 83.021 83.077 82.947 83.14 82.98 83.111 83.154 82.85599999999999 82.883 83.096 83.014 83.313 82.994 83.117 82.872 83.065 83.102 83.01600000000001 83.111 83.15900000000001 82.879 82.89400000000001 82.869 83.14 82.905 82.999 82.93000000000001 83.136 83.194 82.83199999999999 82.81999999999999 82.913 82.76900000000001 82.968 83.45699999999999 83.03400000000001 83.057 83.078 82.721 83.003 83.059 82.768 83.10899999999999 83.075 82.93600000000001 83.029 82.953 83.008 83.059 83.023 83.114 82.97 82.94799999999999 82.979 83.074 82.758 83.128 82.58 82.712 82.962 83.06100000000001 82.86199999999999 83.081 83.086 83.09099999999999 82.76000000000001 83.108 83.11199999999999 83.164 83.498 82.91 82.217 82.994 82.938 83.045 82.992 83.014 83.05200000000001 82.748 82.985 82.92400000000001 83.086 83.143 82.852 82.82299999999999 82.749 83.039 83.098 82.968 82.874 83.045 81.80500000000001 82.869 83.021 82.947 83.054 82.69499999999999 83.11 82.968 83.05200000000001


# name: dtlsapptimeaes103_5ms
# type: matrix
# rows: 1
# columns: 124
 82.32899999999999 83.08199999999999 82.607 186.311 186.23 186.554 186.249 186.474 186.572 186.674 186.99 186.676 186.253 186.553 186.686 186.744 186.899 186.447 185.809 186.189 186.475 186.22 186.511 186.472 187.044 186.579 186.281 186.914 186.501 186.366 186.384 186.711 187.174 186.6 186.774 186.584 185.906 186.439 186.503 186.546 186.657 187.081 186.482 186.42 186.389 186.369 187.067 186.763 186.495 186.997 186.93 186.325 186.726 186.909 186.347 186.523 186.223 186.295 186.631 186.591 186.6 186.153 186.173 186.443 506.342 186.579 186.337 186.621 186.734 186.492 186.833 186.424 186.438 186.616 186.625 186.409 186.672 186.652 186.139 186.414 186.645 186.585 186.511 186.462 377.051 186.436 186.463 186.864 186.579 186.794 186.5 186.495 186.536 377.325 186.29 186.468 186.641 186.687 186.556 186.443 186.614 186.888 186.334 186.654 187.036 186.437 186.759 187.055 187.185 186.496 186.789 186.548 186.524 186.311 186.606 186.645 186.347 186.551 186.738 182.587 186.363 186.557 186.196 186.69


# name: dtlsapptimeaes132_0ms
# type: matrix
# rows: 1
# columns: 124
 214.963 215.389 215.012 215.14 215.155 214.951 215.091 214.879 215.063 214.958 214.643 214.351 214.714 214.685 214.744 215.014 214.917 215.299 214.931 504.75 214.919 215.075 215.386 215.218 215.142 214.988 214.648 214.872 214.822 215.516 214.943 214.517 214.964 214.856 214.875 214.95 214.635 215.432 214.595 215.344 214.935 215.395 215.204 214.43 215.023 215.085 214.905 214.835 214.807 214.52 214.885 214.943 214.893 214.869 215.398 505.962 215.094 214.535 215.518 214.964 214.847 215.134 215.004 215.137 215.126 215.009 214.964 215.405 215.037 214.765 215.019 215.202 214.768 214.838 214.933 215.084 214.917 377.187 214.941 211.807 214.809 214.842 213.929 214.983 215.419 215.368 214.99 214.937 215.22 215.629 215.378 215.05 215.645 214.869 215.336 215.076 215.031 214.976 215.194 215.187 215.364 215.324 215.325 215.073 215.216 215.197 215.235 215.105 215.257 214.975 214.822 215.16 214.857 215.443 214.942 379.846 215.212 215.044 215.169 214.956 214.882 215.164 215.147 215.094


# name: dtlsapptimeaes171_9ms
# type: matrix
# rows: 1
# columns: 119
 255.053 254.889 255.065 255.241 255.116 254.946 754.794 254.856 503.751 254.895 255.426 255.193 255.07 255.68 254.994 255.505 255.11 255.487 255.863 255.141 255.452 255.038 254.988 254.999 255.683 255.145 254.958 255.927 255.771 254.711 504.377 255.001 255.277 254.71 254.909 255.353 502.845 255.263 256.019 254.772 255.209 254.96 255.36 254.96 256.27 254.621 255.516 254.744 255.665 254.97 255.504 254.989 254.966 255.723 255.388 255.126 255.086 254.931 255.532 255.672 255.686 254.921 255.553 254.954 255.139 255.14 255.073 255.069 255.263 255.578 254.95 254.868 255.188 255.033 254.924 255.504 502.251 255.164 255.085 255.185 255.181 254.839 254.637 255.316 255.451 255.043 254.718 254.966 255.074 254.936 255.184 255.235 255.54 255.38 254.688 255.165 255.12 255.108 255.107 503.959 254.95 254.962 255.044 254.917 255.231 255.316 255.008 255.187 255.337 254.478 254.611 254.643 255.812 255.511 254.962 255.123 255.419 255.841 254.828


# name: dtlsapptimeaes17_1ms
# type: matrix
# rows: 1
# columns: 124
 82.34 81.812 99.33799999999999 99.44799999999999 99.776 99.60599999999999 99.41800000000001 99.444 99.393 99.267 99.309 98.886 99.089 99.569 99.467 99.43899999999999 98.958 99.297 99.316 99.25700000000001 99.36499999999999 99.75700000000001 99.461 100.003 99.758 99.349 99.822 99.312 99.16500000000001 99.437 99.727 99.767 99.50700000000001 99.226 99.02200000000001 99.232 99.306 99.37 99.41500000000001 99.405 98.923 99.04600000000001 99.86499999999999 99.307 99.762 99.229 99.143 99.182 99.187 99.334 99.396 99.13200000000001 99.47799999999999 99.346 99.41200000000001 99.34399999999999 99.541 99.383 99.246 99.71599999999999 100.069 99.40000000000001 99.32299999999999 99.279 99.446 99.123 99.245 99.313 99.40300000000001 99.56 99.601 99.429 99.62 99.25 99.645 99.059 98.996 99.538 99.405 99.414 99.514 99.518 99.60899999999999 99.449 99.283 99.196 99.20399999999999 99.25 99.215 99.426 99.599 99.13500000000001 99.68300000000001 99.379 98.941 99.468 100.194 99.086 99.624 99.188 99.203 99.419 99.571 99.256 99.488 99.432 99.33199999999999 99.04300000000001 99.839 99.779 99.06100000000001 99.336 99.342 99.39700000000001 99.111 99.56399999999999 99.866 99.372 99.55200000000001 99.501 99.46299999999999 99.214 99.637 99.411


# name: dtlsapptimeaes1_16ms
# type: matrix
# rows: 1
# columns: 121
 82.39100000000001 83.197 83.18600000000001 83.07899999999999 83.02500000000001 82.979 83.23099999999999 83.167 83.682 82.962 83.13500000000001 83.03700000000001 83.303 82.90600000000001 82.712 83.149 82.779 82.733 83.124 82.63800000000001 83.14400000000001 83.161 82.988 82.84999999999999 82.90600000000001 83.28400000000001 83.24299999999999 83.23099999999999 83.053 83.188 83.004 82.91 83.407 83.267 83.262 82.682 83.01300000000001 83.024 82.94499999999999 82.875 82.824 83.20999999999999 83.05 83.04900000000001 82.83499999999999 82.84 82.634 83.226 82.866 83.051 83.03100000000001 83.187 83.035 82.84999999999999 82.89100000000001 83.047 82.789 83.121 82.548 83.179 83.009 82.90300000000001 82.694 83.148 83.041 82.96299999999999 83.059 82.941 82.977 82.746 82.86 83.116 82.962 82.89100000000001 83.051 82.794 82.904 82.949 82.884 83.054 82.922 82.92400000000001 83.605 83.03100000000001 82.889 82.26900000000001 82.563 82.52800000000001 83.072 82.896 83.023 82.398 82.746 83.23099999999999 82.90300000000001 83.58499999999999 83.038 83.05 83.054 83.2 83.185 82.998 82.877 82.866 83.06399999999999 82.97499999999999 82.917 83.01000000000001 83.151 83.045 82.482 82.848 83.024 83.08 82.989 83.071 83.155 82.928 83.009 83.47199999999999 83.172


# name: dtlsapptimeaes1_71ms
# type: matrix
# rows: 1
# columns: 121
 82.495 82.60899999999999 82.485 83.605 83.274 83.422 83.306 83.44499999999999 83.386 83.252 83.396 83.351 83.253 83.614 83.249 83.77500000000001 83.265 83.479 84.008 83.605 83.73999999999999 83.62 83.574 82.723 83.40600000000001 83.441 83.145 83.57299999999999 83.307 83.366 83.663 83.026 83.637 83.42 83.024 83.286 83.431 83.232 83.279 83.179 83.477 83.688 83.974 83.023 83.465 83.387 83.517 83.364 83.54900000000001 83.267 83.157 82.96899999999999 83.595 83.446 83.048 83.464 83.16200000000001 83.54000000000001 83.108 83.271 83.37 83.863 83.386 83.497 83.44 83.52800000000001 83.354 83.29000000000001 83.373 83.321 83.553 83.178 83.369 83.373 83.55800000000001 83.29900000000001 83.194 83.524 83.288 83.45099999999999 83.559 83.55500000000001 83.404 83.474 83.17 83.193 83.128 82.97799999999999 83.295 83.499 83.38500000000001 83.295 83.56100000000001 83.143 83.297 83.663 83.404 83.087 83.423 83.761 83.30200000000001 83.383 83.46899999999999 83.508 83.508 83.423 83.447 255.905 83.419 83.375 83.48 83.68600000000001 83.723 83.473 83.202 83.657 83.21899999999999 83.22499999999999 83.31100000000001 83.331 83.492


# name: dtlsapptimeaes229_7ms
# type: matrix
# rows: 1
# columns: 146
 312.656 312.888 312.909 312.991 312.709 312.743 312.864 312.822 312.779 312.892 312.917 313.296 312.654 312.84 312.747 312.697 312.302 312.878 312.614 312.833 312.795 312.933 312.593 313.14 312.78 312.946 312.526 313.144 313.773 312.39 312.894 313.226 313.022 627.222 312.474 312.506 312.774 312.422 312.626 313.03 312.394 312.652 312.619 312.589 312.731 312.796 312.769 312.636 312.841 312.779 312.862 312.928 312.717 312.977 312.675 313.077 312.799 312.756 312.509 312.813 312.789 312.756 312.447 312.797 312.389 312.36 629.306 312.615 312.742 312.696 312.703 312.277 312.779 312.773 312.797 312.891 312.808 502.352 312.751 312.504 312.644 312.443 312.85 312.665 312.671 312.509 312.551 312.994 312.641 312.864 312.753 312.672 312.4 312.362 312.743 312.818 312.834 312.957 312.819 312.336 312.952 312.84 312.568 312.665 312.802 312.753 312.771 313.247 312.663 312.826 312.625 312.797 312.778 313.149 505.131 312.748 312.706 312.787 312.735 312.778 312.813 312.89 312.91 312.905 366.462 312.6 628.522 312.726 312.669 312.81 312.887 312.895 312.715 312.838 312.862 312.643 312.967 312.732 312.625 313.022 312.696 312.624 313.056 312.664 312.807 312.51


# name: dtlsapptimeaes258_1ms
# type: matrix
# rows: 1
# columns: 93
 341.505 341.719 341.215 341.395 341.398 341.152 341.689 341.094 341.661 341.408 341.232 340.112 341.363 341.232 341.171 341.539 341.163 341.145 341.496 341.361 341.159 341.047 341.465 341.323 341.46 628.26 341.387 341.057 341.15 341.074 341.274 341.182 341.518 341.315 341.333 341.095 341.28 341.228 340.842 341.263 341.328 341.814 339.439 341.325 341.315 341.604 341.407 341.402 341.611 341.215 341.068 341.729 341.107 341.36 341.434 341.612 341.714 341.213 341.526 341.109 341.332 341.291 341.684 341.233 628.345 341.325 341.384 341.47 341.559 341.293 341.349 341.651 341.094 341.403 341.259 341.235 340.977 341.204 340.725 341.168 341.645 341.44 341.595 341.143 340.851 341.37 341.528 341.403 341.296 341.471 341.371 341.524 341.256


# name: dtlsapptimeaes28_5ms
# type: matrix
# rows: 1
# columns: 131
 82.139 110.823 110.682 111.297 110.805 110.948 110.795 110.714 110.503 110.873 110.583 110.792 110.767 110.465 110.651 111.111 110.843 110.819 110.687 110.583 110.77 110.743 111.015 110.719 110.362 111.023 111.005 110.673 110.79 110.756 104.433 111.088 110.674 110.929 110.848 110.902 110.892 110.584 110.97 110.795 110.838 110.981 110.882 110.797 110.782 110.854 110.727 110.928 110.92 110.702 110.879 110.847 110.198 110.91 110.674 110.746 110.64 110.75 110.662 110.486 110.776 110.949 110.872 110.552 110.537 110.518 110.733 111.152 110.595 110.781 110.85 110.741 110.903 110.734 110.997 111.152 110.756 110.801 109.927 110.604 110.779 110.658 111.178 110.729 111.205 110.802 110.902 110.766 110.525 111.28 110.72 110.307 110.801 110.502 110.838 110.82 110.53 110.612 110.663 111.091 110.977 110.827 110.527 110.857 110.95 110.639 110.691 111.25 110.55 110.073 110.734 110.697 110.722 110.863 110.778 110.797 110.894 110.934 110.817 110.769 110.732 110.769 110.69 110.728 110.738 110.552 110.838 111.132 110.763 110.899 110.9


# name: dtlsapptimeaes2_29ms
# type: matrix
# rows: 1
# columns: 125
 84.15000000000001 83.724 83.872 254.433 84.538 83.952 83.97199999999999 83.33199999999999 83.85299999999999 83.60599999999999 83.795 83.807 84.517 84.158 84.158 84.18600000000001 83.941 83.959 83.699 83.596 83.759 83.983 83.997 84.047 83.93000000000001 84.133 83.974 84.229 84.578 83.988 83.836 84.14100000000001 84.15000000000001 84.122 83.85599999999999 83.91500000000001 83.742 84.22 84.57899999999999 84.04000000000001 83.873 84.041 84.193 83.72 83.958 83.866 84.131 83.89400000000001 83.947 83.78 84.059 83.518 83.836 83.854 83.744 83.861 83.96599999999999 83.911 83.988 84.10599999999999 83.998 83.913 84.12 83.831 84.121 83.88500000000001 83.358 83.804 84.041 83.81399999999999 83.949 84.00700000000001 84.01000000000001 84.29600000000001 84.533 84.161 83.71599999999999 83.904 83.88200000000001 84.15000000000001 83.982 84.166 83.84399999999999 83.99299999999999 84.02800000000001 83.992 84.172 83.99299999999999 83.861 83.992 83.94199999999999 83.956 83.904 83.96299999999999 83.364 83.818 83.876 83.908 83.745 84.081 84.232 84.123 83.931 83.637 83.989 83.783 83.76000000000001 84.119 84.065 83.95399999999999 83.85599999999999 84.11799999999999 83.985 84.038 84.044 84.062 84.017 83.67400000000001 83.947 84.07899999999999 83.797 84.16200000000001 83.881 84.30500000000001 87.67700000000001


# name: dtlsapptimeaes2_87ms
# type: matrix
# rows: 1
# columns: 123
 85.003 84.383 84.485 84.485 84.51300000000001 84.864 84.65900000000001 84.84 84.532 84.533 84.925 84.791 84.56999999999999 84.51600000000001 84.508 84.422 84.527 84.84699999999999 84.727 84.496 84.41500000000001 85.124 84.58499999999999 84.477 84.53400000000001 84.348 84.687 84.783 84.71599999999999 84.526 84.907 84.59399999999999 84.878 84.50700000000001 84.627 84.206 84.366 84.58199999999999 84.16 84.59 84.601 84.497 85.012 84.524 84.367 84.45699999999999 84.548 84.51900000000001 84.03400000000001 84.191 84.381 84.438 84.425 84.188 84.36499999999999 84.584 84.554 84.553 84.532 84.629 84.39100000000001 84.188 84.42400000000001 84.047 84.68300000000001 84.316 84.358 84.58799999999999 84.422 84.64 84.592 84.608 84.66 84.471 84.633 84.517 84.965 84.735 84.735 84.551 83.697 84.60899999999999 84.944 84.988 84.678 84.816 84.602 85.191 84.48 84.554 85.07899999999999 84.471 84.459 84.498 84.47199999999999 84.581 85.339 84.804 84.803 85.291 83.88500000000001 84.685 84.511 84.664 84.554 84.684 84.66 84.536 83.872 84.666 84.494 84.756 84.73 83.914 84.77200000000001 84.559 84.40600000000001 84.51600000000001 84.69199999999999 84.761 84.371 84.861 84.64400000000001


# name: dtlsapptimeaes39_9ms
# type: matrix
# rows: 1
# columns: 130
 121.621 122.219 122.045 122.22 121.818 122.846 122.047 122.133 122.159 122.416 122.318 121.989 122.027 122.327 122.502 122.21 122.278 122.28 122.325 122.313 122.109 122.197 122.362 122.088 122.233 121.782 122.038 122.339 122.121 122.071 122.145 122.305 122.162 122.225 121.997 122.238 122.275 122.348 121.948 122.165 122.262 122.374 122.247 122.236 122.338 121.898 122.397 122.921 122.22 122.303 122.412 122.351 122.179 122.322 121.929 122.234 122.065 122.406 121.887 122.107 122.333 122.205 122.134 122.562 121.008 122.126 122.443 122.223 121.954 122.183 122.544 122.489 122.142 122.216 122.108 122.277 122.095 122.132 122.003 121.896 122.187 121.702 122.282 122.125 122.404 122.346 122.008 122.389 122.342 122.324 122.21 120.023 122.319 122.032 122.338 122.182 122.135 122.077 121.983 122.247 122.224 122.237 122.264 122.649 122.045 122.308 122.708 122.146 122.221 122.765 122.4 122.507 122.313 122.172 122.139 121.926 122.069 122.087 122.266 122.093 122.142 122.802 122.256 122.852 122.226 122.283 121.999 122.189 122.326 122.301


# name: dtlsapptimeaes57_0ms
# type: matrix
# rows: 1
# columns: 129
 82.61799999999999 82.438 85.89400000000001 82.398 139.411 140.13 140.384 139.741 139.666 140.111 139.89 139.95 139.94 139.963 140.511 140.033 139.798 139.856 139.741 139.811 139.849 139.868 139.894 139.993 139.75 139.708 139.981 139.689 139.708 140.013 139.795 139.708 139.864 139.993 139.999 139.856 139.943 140.087 140.084 139.976 140.081 139.909 140.112 140.17 139.995 139.563 140.007 139.852 139.356 139.722 140.005 139.946 139.961 378.2 140.236 139.579 140.044 140.141 140.011 140.575 139.966 139.69 139.841 140.101 139.802 139.727 140.286 139.697 140.13 140.049 139.91 139.982 140.466 140.017 139.807 139.793 139.899 139.9 139.987 139.678 139.847 139.795 139.654 139.892 140.094 139.824 139.913 139.854 139.987 139.944 139.897 139.896 140.141 139.975 139.877 139.908 139.958 140.255 139.452 139.759 139.91 139.739 139.903 139.755 139.762 140.033 139.825 140.328 139.926 139.978 139.946 139.855 139.998 139.811 139.756 139.623 139.958 139.787 139.966 139.838 139.956 139.882 139.854 139.816 140.27 139.961 139.957 139.703 140.538


# name: dtlsapptimeaes5_71ms
# type: matrix
# rows: 1
# columns: 118
 82.483 88.414 87.831 87.91 87.663 88.178 87.93899999999999 88.18300000000001 88.508 88.024 87.935 87.727 87.938 87.68000000000001 87.764 88.11499999999999 88.127 87.874 88.268 87.996 88.095 88.16500000000001 87.672 87.51300000000001 88.199 87.919 87.90600000000001 88.119 87.919 87.535 87.58799999999999 87.871 88.09699999999999 88.10299999999999 87.65600000000001 88.09999999999999 87.944 88.44 88.178 88.221 88.095 88.098 87.953 87.955 88.218 87.961 88.059 87.89400000000001 87.852 88.527 87.895 88.173 87.95999999999999 87.535 88.005 88.089 88.02200000000001 87.95999999999999 87.627 88.401 87.986 87.89 87.98999999999999 87.895 87.986 88.456 87.919 88.04300000000001 87.66800000000001 88.593 88.099 88.23399999999999 88.09099999999999 87.738 88.001 87.95999999999999 88.003 88.004 87.863 87.98999999999999 87.696 87.794 87.93899999999999 87.837 88.20699999999999 87.995 88.21299999999999 88.151 87.756 87.996 87.797 88.197 88.279 87.68300000000001 87.995 88.116 87.801 87.70699999999999 87.789 87.768 88.06399999999999 87.857 87.886 88.057 88.182 87.697 88.018 88.571 88.11499999999999 88.107 87.59699999999999 87.949 87.896 88.187 88.608 88.164 88.496 88.083


# name: dtlsapptimeaes6_84ms
# type: matrix
# rows: 1
# columns: 127
 83.05200000000001 89.249 89.15900000000001 89.056 89.45699999999999 89.398 89.10299999999999 89.289 88.895 89.334 89.256 89.426 89.634 89.35599999999999 88.90600000000001 89.22799999999999 89.24299999999999 89.15900000000001 89.271 88.364 89.072 89.214 89.309 89.392 89.50700000000001 89.185 89.33199999999999 89.264 89.271 88.795 89.232 89.798 89.51000000000001 89.31999999999999 89.178 87.142 88.892 88.95399999999999 89.166 89.133 88.724 88.914 88.998 88.988 89.303 89.39400000000001 89.133 89.381 89.194 89.279 89.401 89.13500000000001 88.556 88.974 89.643 89.298 88.812 89.035 88.681 89.327 89.20099999999999 88.91200000000001 89.26000000000001 89.024 89.035 89.084 89.352 89.268 89.25 89.226 88.88500000000001 89.185 88.92 89.07899999999999 89.10899999999999 89.52 89.06999999999999 89.182 89.086 89.624 89.34399999999999 88.622 88.913 89.158 89.122 89.089 89.09999999999999 89.529 88.96299999999999 88.985 89.17100000000001 89.06 89 89.078 89.239 89.20699999999999 89.161 89.48 89.63800000000001 88.991 89.25700000000001 89.205 88.935 89.03 88.94 89.18300000000001 89.169 89.31399999999999 89.20699999999999 88.962 89.169 88.83 89.164 88.98999999999999 89.173 89.396 89.02 89.235 89.16500000000001 89.14400000000001 89.245 89.28100000000001 89.087 88.923 89.383 89.29600000000001 89.14100000000001


# name: dtlsapptimeaes74_7ms
# type: matrix
# rows: 1
# columns: 152
 156.438 157.085 157.303 156.975 156.611 157.472 157.524 157.745 157.219 157.379 157.143 157.041 156.936 157.004 157.254 157.254 157.264 157.269 157.323 156.723 156.691 157.462 157.391 157.217 157.053 157.3 157.283 156.971 157.383 156.979 157.087 157.154 156.802 157.003 156.928 157.318 157.094 157.052 157.177 156.956 157.263 157.347 157.029 157.187 157.404 157.023 157.181 157.305 157.019 157.048 157.123 157.235 157.056 157.153 157.247 157.036 157.362 157.214 157.095 157.101 156.871 156.882 156.912 157.053 157.439 157.034 156.798 157.165 156.916 156.965 156.506 157.247 156.869 157.135 157.31 157.008 157.549 157.728 157.207 157.279 157.086 157.171 157.585 157.013 157.211 157.165 157.099 156.893 157.207 157.24 157.062 157.078 157.076 157.01 157.074 157.354 157.177 156.888 157.254 157.073 157.049 157.264 156.882 157.182 157.073 157.154 157.495 156.937 157.29 157.223 156.721 156.95 156.689 157.343 157.097 157.654 156.943 157.083 156.994 157.022 157.346 157.413 157.113 157.084 157.316 157.06 157.398 157.229 157.681 156.77 156.989 157.91 156.961 157.392 157.242 157.365 157.226 157.416 157.311 157.008 157.154 157.258 157.126 156.46 157.563 157.416 156.946 157.319 157.233 157.068 156.904 253.551


# name: dtlsapptimeaes8_00ms
# type: matrix
# rows: 1
# columns: 87
 80.449 82.316 82.407 90.282 90.10599999999999 90.495 90.089 90.26000000000001 90.416 89.90000000000001 90.086 90.33799999999999 90.779 89.979 90.245 90.973 90.36 89.94 90.084 90.11199999999999 90.242 90.491 90.342 90.393 90.18300000000001 90.253 89.943 90.66 90.04300000000001 90.191 90.297 90.488 90.163 90.43899999999999 90.289 90.848 90.169 90.194 90.532 90.107 90.408 90.42 90.316 90.221 90.137 90.297 90.32299999999999 90.414 90.24299999999999 90.364 90.429 89.937 90.23399999999999 90.34099999999999 90.214 90.84099999999999 90.351 90.505 90.32599999999999 90.134 90.43000000000001 90.163 90.845 90.428 90.30200000000001 90.342 90.63500000000001 90.414 90.33799999999999 90.30500000000001 90.69199999999999 90.331 88.879 90.167 90.309 90.53100000000001 90.41500000000001 90.20699999999999 90.151 89.934 90.163 90.426 90.36 90.024 90.316 90.532 90.309


