# Created by Octave 3.8.2, Tue Apr 12 09:37:43 2016 BST <yy12135@salties>
# name: Bfull
# type: matrix
# rows: 6
# columns: 1
 1.961633680555569
 -0.1105199999999998
 0.08902499999999947
 0.04556770833332263
 -0.0006799999999999272
 -0.0009649999999994828


# name: D
# type: matrix
# rows: 26
# columns: 6
 5 5 87.59350000000001 84.268 4.8828125 1.557312499999995
 5 10 90.122 87.458 4.8828125 2.218812499999999
 5 15 92.5805 90.648 4.8828125 2.950312499999995
 5 20 95.84450000000001 93.83800000000001 4.8828125 2.876312499999997
 5 25 98.392 97.02800000000001 4.8828125 3.51881250000001
 5 30 100.848 100.218 4.8828125 4.252812500000005
 5 35 104.1865 103.408 4.8828125 4.104312500000006
 5 40 106.7365 106.598 4.8828125 4.744312499999992
 5 45 109.226 109.788 4.8828125 5.444812500000012
 15 25 104.357 102.408 4.8828125 2.933812500000002
 25 5 100.4255 95.02800000000001 4.8828125 -0.5146874999999937
 25 15 105.433 101.408 4.8828125 0.8578125000000085
 25 25 111.3295 107.788 4.8828125 1.341312500000015
 25 35 117.1 114.168 4.8828125 1.950812500000012
 25 45 122.089 120.548 4.8828125 3.341812500000003
 35 25 118.045 113.168 4.8828125 0.005812500000004661
 45 25 124.008 118.548 4.8828125 -0.5771874999999795
 5 25 118.12 97.02800000000001 24.658203125 3.566203125000001
 15 25 124.262 102.408 24.658203125 2.804203125000001
 25 5 120.22 95.02800000000001 24.658203125 -0.5337968749999931
 25 15 125.2395 101.408 24.658203125 0.826703125000023
 25 25 131.08 107.788 24.658203125 1.366203124999998
 25 35 136.862 114.168 24.658203125 1.964203125000012
 25 45 141.8575 120.548 24.658203125 3.348703124999986
 35 25 137.759 113.168 24.658203125 0.06720312500002024
 45 25 143.7975 118.548 24.658203125 -0.5912968749999976


# name: D25
# type: matrix
# rows: 9
# columns: 6
 5 25 118.12 97.02800000000001 24.658203125 3.566203125000001
 15 25 124.262 102.408 24.658203125 2.804203125000001
 25 5 120.22 95.02800000000001 24.658203125 -0.5337968749999931
 25 15 125.2395 101.408 24.658203125 0.826703125000023
 25 25 131.08 107.788 24.658203125 1.366203124999998
 25 35 136.862 114.168 24.658203125 1.964203125000012
 25 45 141.8575 120.548 24.658203125 3.348703124999986
 35 25 137.759 113.168 24.658203125 0.06720312500002024
 45 25 143.7975 118.548 24.658203125 -0.5912968749999976


# name: D5
# type: matrix
# rows: 9
# columns: 6
 5 25 98.392 97.02800000000001 4.8828125 3.51881250000001
 15 25 104.357 102.408 4.8828125 2.933812500000002
 25 5 100.4255 95.02800000000001 4.8828125 -0.5146874999999937
 25 15 105.433 101.408 4.8828125 0.8578125000000085
 25 25 111.3295 107.788 4.8828125 1.341312500000015
 25 35 117.1 114.168 4.8828125 1.950812500000012
 25 45 122.089 120.548 4.8828125 3.341812500000003
 35 25 118.045 113.168 4.8828125 0.005812500000004661
 45 25 124.008 118.548 4.8828125 -0.5771874999999795


# name: Dfull
# type: matrix
# rows: 18
# columns: 7
 5 25 98.392 97.02800000000001 4.8828125 3.51881250000001 1
 15 25 104.357 102.408 4.8828125 2.933812500000002 1
 25 5 100.4255 95.02800000000001 4.8828125 -0.5146874999999937 1
 25 15 105.433 101.408 4.8828125 0.8578125000000085 1
 25 25 111.3295 107.788 4.8828125 1.341312500000015 1
 25 35 117.1 114.168 4.8828125 1.950812500000012 1
 25 45 122.089 120.548 4.8828125 3.341812500000003 1
 35 25 118.045 113.168 4.8828125 0.005812500000004661 1
 45 25 124.008 118.548 4.8828125 -0.5771874999999795 1
 5 25 118.12 97.02800000000001 24.658203125 3.566203125000001 0
 15 25 124.262 102.408 24.658203125 2.804203125000001 0
 25 5 120.22 95.02800000000001 24.658203125 -0.5337968749999931 0
 25 15 125.2395 101.408 24.658203125 0.826703125000023 0
 25 25 131.08 107.788 24.658203125 1.366203124999998 0
 25 35 136.862 114.168 24.658203125 1.964203125000012 0
 25 45 141.8575 120.548 24.658203125 3.348703124999986 0
 35 25 137.759 113.168 24.658203125 0.06720312500002024 0
 45 25 143.7975 118.548 24.658203125 -0.5912968749999976 0


# name: Dp
# type: matrix
# rows: 5
# columns: 6
 5 25 98.392 97.02800000000001 4.8828125 3.51881250000001
 15 25 104.357 102.408 4.8828125 2.933812500000002
 25 25 111.3295 107.788 4.8828125 1.341312500000015
 35 25 118.045 113.168 4.8828125 0.005812500000004661
 45 25 124.008 118.548 4.8828125 -0.5771874999999795


# name: Dp1
# type: matrix
# rows: 5
# columns: 6
 5 25 98.392 97.02800000000001 4.8828125 3.51881250000001
 15 25 104.357 102.408 4.8828125 2.933812500000002
 25 25 111.3295 107.788 4.8828125 1.341312500000015
 35 25 118.045 113.168 4.8828125 0.005812500000004661
 45 25 124.008 118.548 4.8828125 -0.5771874999999795


# name: Dp2
# type: matrix
# rows: 5
# columns: 6
 25 5 100.4255 95.02800000000001 4.8828125 -0.5146874999999937
 25 15 105.433 101.408 4.8828125 0.8578125000000085
 25 25 111.3295 107.788 4.8828125 1.341312500000015
 25 35 117.1 114.168 4.8828125 1.950812500000012
 25 45 122.089 120.548 4.8828125 3.341812500000003


# name: Dreq25
# type: matrix
# rows: 5
# columns: 6
 25 5 100.4255 95.02800000000001 4.8828125 -0.5146874999999937
 25 15 105.433 101.408 4.8828125 0.8578125000000085
 25 25 111.3295 107.788 4.8828125 1.341312500000015
 25 35 117.1 114.168 4.8828125 1.950812500000012
 25 45 122.089 120.548 4.8828125 3.341812500000003


# name: Dres25
# type: matrix
# rows: 5
# columns: 6
 5 25 98.392 97.02800000000001 4.8828125 3.51881250000001
 15 25 104.357 102.408 4.8828125 2.933812500000002
 25 25 111.3295 107.788 4.8828125 1.341312500000015
 35 25 118.045 113.168 4.8828125 0.005812500000004661
 45 25 124.008 118.548 4.8828125 -0.5771874999999795


# name: Dsub
# type: matrix
# rows: 18
# columns: 2
 5 25
 15 25
 25 5
 25 15
 25 25
 25 35
 25 45
 35 25
 45 25
 5 25
 15 25
 25 5
 25 15
 25 25
 25 35
 25 45
 35 25
 45 25


# name: E
# type: matrix
# rows: 17
# columns: 1
 1.557312499999995
 2.218812499999999
 2.950312499999995
 2.876312499999997
 3.51881250000001
 4.252812500000005
 4.104312500000006
 4.744312499999992
 5.444812500000012
 2.933812500000002
 -0.5146874999999937
 0.8578125000000085
 1.341312500000015
 1.950812500000012
 3.341812500000003
 0.005812500000004661
 -0.5771874999999795


# name: L
# type: matrix
# rows: 10
# columns: 2
 5 5
 5 10
 5 15
 5 20
 5 25
 5 30
 5 35
 5 40
 5 45
 25 25


# name: Lreq
# type: matrix
# rows: 9
# columns: 1
 5
 5
 5
 5
 5
 5
 5
 5
 5


# name: Lres
# type: matrix
# rows: 9
# columns: 1
 5
 10
 15
 20
 25
 30
 35
 40
 45


# name: Rfull
# type: matrix
# rows: 18
# columns: 1
 -0.1338888888888827
 0.3931111111111067
 -0.1821888888888916
 0.3097111111111108
 -0.08738888888888252
 -0.358488888888886
 0.1519111111111053
 -0.3108888888888959
 0.2181111111111177
 -0.06845555555555549
 0.2747444444444427
 -0.1775555555555639
 0.2926944444444575
 -0.05805555555556219
 -0.350305555555543
 0.1439444444444362
 -0.2518555555555422
 0.1948444444444384


# name: SSRESfull
# type: scalar
0.6119019249999965


# name: SSRESsub
# type: scalar
0.4455666972222119


# name: STATfull
# type: matrix
# rows: 1
# columns: 4
 0.9745685085015683 91.97118543157391 3.837961282115998e-09 0.08754962384259161


# name: TA
# type: matrix
# rows: 10
# columns: 1
 4.8828125
 4.8828125
 4.8828125
 4.8828125
 4.8828125
 4.8828125
 4.8828125
 4.8828125
 4.8828125
 4.8828125


# name: TP
# type: matrix
# rows: 10
# columns: 1
 84.268
 87.458
 90.648
 93.83800000000001
 97.02800000000001
 100.218
 103.408
 106.598
 109.788
 107.788


# name: TR
# type: matrix
# rows: 10
# columns: 1
 87.59350000000001
 90.122
 92.5805
 95.84450000000001
 98.392
 100.848
 104.1865
 106.7365
 109.226
 111.3295


# name: X
# type: matrix
# rows: 5
# columns: 1
 5
 15
 25
 35
 45


# name: X1
# type: matrix
# rows: 10
# columns: 1
 5
 15
 25
 25
 25
 25
 25
 25
 35
 45


# name: X2
# type: matrix
# rows: 10
# columns: 1
 25
 25
 5
 15
 25
 25
 35
 45
 25
 25


# name: Xfull
# type: matrix
# rows: 18
# columns: 6
 1 5 25 1 5 25
 1 15 25 1 15 25
 1 25 5 1 25 5
 1 25 15 1 25 15
 1 25 25 1 25 25
 1 25 35 1 25 35
 1 25 45 1 25 45
 1 35 25 1 35 25
 1 45 25 1 45 25
 1 5 25 0 0 0
 1 15 25 0 0 0
 1 25 5 0 0 0
 1 25 15 0 0 0
 1 25 25 0 0 0
 1 25 35 0 0 0
 1 25 45 0 0 0
 1 35 25 0 0 0
 1 45 25 0 0 0


# name: Xsub
# type: matrix
# rows: 9
# columns: 3
 1 5 25
 1 15 25
 1 25 5
 1 25 15
 1 25 25
 1 25 35
 1 25 45
 1 35 25
 1 45 25


# name: Y
# type: matrix
# rows: 18
# columns: 1
 3.51881250000001
 2.933812500000002
 -0.5146874999999937
 0.8578125000000085
 1.341312500000015
 1.950812500000012
 3.341812500000003
 0.005812500000004661
 -0.5771874999999795
 3.566203125000001
 2.804203125000001
 -0.5337968749999931
 0.826703125000023
 1.366203124999998
 1.964203125000012
 3.348703124999986
 0.06720312500002024
 -0.5912968749999976


# name: Yfull
# type: matrix
# rows: 19
# columns: 1
 3.51881250000001
 2.933812500000002
 -0.5146874999999937
 0.8578125000000085
 1.341312500000015
 1.341312500000015
 1.950812500000012
 3.341812500000003
 0.005812500000004661
 -0.5771874999999795
 3.566203125000001
 2.804203125000001
 -0.5337968749999931
 0.826703125000023
 1.366203124999998
 1.964203125000012
 3.348703124999986
 0.06720312500002024
 -0.5912968749999976


# name: Ysub
# type: matrix
# rows: 9
# columns: 1
 3.566203125000001
 2.804203125000001
 -0.5337968749999931
 0.826703125000023
 1.366203124999998
 1.964203125000012
 3.348703124999986
 0.06720312500002024
 -0.5912968749999976


# name: a
# type: scalar
0.9952843862948298


# name: ans
# type: matrix
# rows: 9
# columns: 7
 5 25 118.12 97.02800000000001 24.658203125 3.566203125000001 0
 15 25 124.262 102.408 24.658203125 2.804203125000001 0
 25 5 120.22 95.02800000000001 24.658203125 -0.5337968749999931 0
 25 15 125.2395 101.408 24.658203125 0.826703125000023 0
 25 25 131.08 107.788 24.658203125 1.366203124999998 0
 25 35 136.862 114.168 24.658203125 1.964203125000012 0
 25 45 141.8575 120.548 24.658203125 3.348703124999986 0
 35 25 137.759 113.168 24.658203125 0.06720312500002024 0
 45 25 143.7975 118.548 24.658203125 -0.5912968749999976 0


# name: b
# type: scalar
-0.005997688858390985


# name: b25
# type: matrix
# rows: 3
# columns: 1
 1.961633680555568
 -0.1105199999999998
 0.08902499999999945


# name: b5
# type: matrix
# rows: 3
# columns: 1
 1.998462500000004
 -0.1111999999999997
 0.08805999999999999


# name: c
# type: scalar
17


# name: d
# type: matrix
# rows: 9
# columns: 2
 -0.5736660559485397 0.4367549448374287
 -0.3001685285734236 0.8496574174623081
 -0.6498876755418859 0.2947765644307567
 -0.2715111971655979 0.8569000860545111
 -0.7437925839548739 0.6276814728437482
 -0.8737258353826441 0.1731147242715555
 -0.3418924816865569 0.6297813705754267
 -0.8391871866990687 0.3354760755879821
 -0.2692544959356283 0.6589433848245024


# name: df1
# type: scalar
0


# name: e
# type: matrix
# rows: 1
# columns: 4
 0.9783555107201385 135.603408988322 1.014009510169611e-05 0.07426111620370207


# name: lreq
# type: matrix
# rows: 1
# columns: 6
 5 5 5 5 5 5


# name: lres
# type: matrix
# rows: 7
# columns: 1
 5
 10
 15
 20
 25
 35
 45


# name: p1
# type: scalar
-2.70932893893619


# name: p2
# type: scalar
-2.050627117092374


# name: r
# type: matrix
# rows: 1
# columns: 6
 35 25 137.759 113.168 24.658203125 0.06720312500002024


# name: r25
# type: matrix
# rows: 9
# columns: 1
 -0.0684555555555546
 0.2747444444444427
 -0.1775555555555645
 0.292694444444457
 -0.05805555555556241
 -0.350305555555543
 0.1439444444444362
 -0.2518555555555426
 0.194844444444437


# name: r5
# type: matrix
# rows: 10
# columns: 1
 -0.1251499999999948
 0.4018499999999943
 -0.1734500000000042
 0.3184499999999981
 -0.07864999999999522
 -0.07864999999999522
 -0.349749999999998
 0.1606499999999933
 -0.3021500000000082
 0.2268500000000049


# name: req15res25_25ms
# type: matrix
# rows: 1
# columns: 57
 124.507 124.264 124.28 124.312 123.402 124.142 124.074 124.238 124.234 123.963 124.128 124.322 124.264 123.958 124.664 124.585 124.388 124.531 124.064 124.085 124.385 124.441 124.165 124.065 124.417 123.87 124.216 124.13 124.343 124.325 124.237 124.079 124.24 124.309 124.347 124.157 124.244 124.262 124.343 124.233 124.3 124.345 124.404 124.172 123.976 124.329 123.812 124.239 124.288 123.993 124.289 124.358 124.951 124.147 124.139 124.506 124.278


# name: req15res25_5ms
# type: matrix
# rows: 1
# columns: 85
 104.769 104.822 104.466 104.578 104.6 104.319 104.316 104.788 104.278 104.187 104.276 104.635 104.308 104.322 104.297 104.377 104.423 104.228 104.357 104.184 104.608 104.373 104.599 104.691 104.895 104.332 104.879 104.162 104.322 105.046 104.208 104.324 104.313 104.192 104.645 104.359 104.401 104.894 104.291 104.386 104.174 104.353 104.262 104.303 104.444 104.489 104.452 104.284 104.269 104.307 104.321 104.385 104.338 104.156 104.422 104.397 104.418 104.409 104.185 104.269 104.342 104.609 104.381 104.228 104.306 104.673 104.45 104.831 104.28 104.295 104.644 104.515 253.3 104.985 104.357 104.269 104.217 104.36 104.306 104.382 104.227 104.377 104.254 104.482 104.24


# name: req25res15_25ms
# type: matrix
# rows: 1
# columns: 46
 125.283 125.158 125.141 125.191 376.53 125.42 125.138 125.175 125.55 125.072 125.385 125.29 125.987 124.949 125.349 125.14 125.358 125.102 124.932 125.226 125.564 125.079 125.756 125.251 125.083 125.093 125.137 125.218 125.914 124.958 125.973 125.495 126.344 125.588 126.046 125.283 125.041 125.228 125.033 125.633 126.081 125.139 125.047 126.315 125.344 125.073


# name: req25res15_5ms
# type: matrix
# rows: 1
# columns: 51
 105.488 105.45 105.691 105.494 105.464 105.412 105.929 377.049 105.36 105.501 105.355 105.476 105.403 105.355 106.019 105.274 105.305 105.303 105.776 105.406 255.667 105.509 105.554 105.5 105.467 105.437 105.302 105.37 105.207 105.266 105.619 105.352 379.433 105.563 105.398 105.305 105.382 105.391 105.433 105.332 105.454 105.304 105.489 105.389 105.484 105.336 105.21 105.795 105.36 105.421 378.279


# name: req25res25_25ms
# type: matrix
# rows: 1
# columns: 87
 131.106 131.461 131.466 131.299 130.888 131.212 131.575 131.069 130.985 131.249 131.181 131.135 130.867 130.987 131.104 135.496 131.038 0.361 0.547 0.438 130.939 131.167 131.225 0.343 0.39 0.365 131.144 130.973 0.365 0.425 131.503 131.116 131.027 130.975 65.16500000000001 131.065 131.055 131.596 131.318 130.974 131.039 131.531 131.177 131.101 131.165 130.893 131.183 130.977 131.08 131.566 131.142 131.088 131.397 0.247 0.23 0.348 131.064 131.069 130.865 131.217 131.594 131.205 131.171 130.939 131.217 0.423 131.362 131.045 0.208 0.227 131.499 131.194 131.016 130.946 131.562 131.234 131.023 131.471 129.615 131.097 131.027 131.681 130.943 131.224 131.08 131.079 131.132


# name: req25res25_5ms
# type: matrix
# rows: 1
# columns: 70
 111.957 111.213 111.385 112.07 111.254 111.26 111.293 111.434 110.885 111.303 111.249 111.391 110.709 111.127 110.709 111.299 111.85 111.285 111.348 111.289 111.325 111.624 111.432 107.363 111.291 111.447 111.225 111.359 111.803 111.42 111.339 111.367 111.382 111.29 111.346 111.24 111.819 111.721 111.317 111.418 111.56 111.425 111.09 111.281 111.355 111.146 111.425 111.268 111.19 111.498 111.226 111.529 111.48 111.295 111.768 111.228 111.759 111.055 111.447 111.525 111.278 111.25 111.236 111.903 111.173 111.829 111.349 111.334 111.229 111.306


# name: req25res35_25ms
# type: matrix
# rows: 1
# columns: 57
 137.171 137.368 136.784 136.862 137.01 136.987 137.554 136.842 136.707 136.763 136.587 136.916 136.912 136.985 137.224 136.872 136.837 136.573 136.962 136.78 136.781 136.677 136.908 136.545 136.591 137.089 137.021 136.541 136.7 136.55 136.678 136.521 136.451 136.737 137.021 137.337 136.56 136.76 380.511 136.848 137.223 136.787 136.728 136.815 136.826 136.953 136.955 137.063 136.892 136.873 136.972 137.08 136.98 137.573 137.44 136.505 136.698


# name: req25res35_5ms
# type: matrix
# rows: 1
# columns: 53
 117.455 117.163 117.194 117.11 117.071 117.39 117.191 117.024 117.251 116.906 116.822 116.957 116.996 116.817 117.152 116.979 117.239 117.1 117.067 117.455 117.295 116.937 117.245 117.145 117.121 117.375 116.908 117.583 117.234 117.099 117.179 116.876 117.206 117.182 116.957 117.072 116.969 117.314 117.026 116.982 116.948 117.152 117.032 116.989 117.119 117.006 117.11 117.087 117.311 117.072 117.169 116.977 117.002


# name: req25res45_25ms
# type: matrix
# rows: 1
# columns: 66
 141.724 141.82 142.397 142.152 141.797 141.942 141.593 141.802 141.678 142.396 142.642 142.134 141.917 141.719 141.795 141.976 142.242 142.35 141.807 141.867 141.83 141.947 142.106 141.784 141.865 141.555 141.733 142.232 141.657 141.876 141.723 142.408 141.767 380.904 141.778 141.592 141.845 141.857 141.932 142.297 141.772 142.152 141.83 142.01 141.707 141.92 141.76 141.825 141.796 141.552 142.072 141.882 141.871 142.22 141.765 142.016 141.649 142.015 142.288 141.759 141.77 141.938 141.858 141.792 141.81 142.264


# name: req25res45_5ms
# type: matrix
# rows: 1
# columns: 51
 122.27 122.201 122.085 122.321 121.984 122.092 122.071 122.088 122.178 122.089 122.733 122.313 122.214 122.069 122.129 122.546 121.896 122.233 122.145 121.897 121.999 121.907 121.922 121.995 121.933 122.418 122.117 122.376 121.979 121.881 114.149 122.119 122.032 122.269 122.095 122.074 122.01 122.09 122.04 122.177 121.923 122.166 122.028 122.065 122.056 122.365 122.354 122.126 122.351 121.94 122.05


# name: req25res5_25ms
# type: matrix
# rows: 1
# columns: 47
 120.827 120.827 120.049 120.307 120.1 120.241 120.1 120.286 120.089 120.045 120.447 120.399 120.101 120.322 120.129 120.374 120.056 378.023 120.357 120.22 120.01 120.301 120.439 120.132 119.974 120.574 119.992 120.099 120.278 120.744 252.923 120.057 120.009 120.055 120.039 120.217 120.317 120.328 120.069 120.289 120.228 120.728 120.076 120.034 119.971 120.081 120.709


# name: req25res5_5ms
# type: matrix
# rows: 1
# columns: 42
 100.701 100.555 100.691 100.554 100.825 100.416 100.513 100.37 100.36 100.868 100.569 100.265 100.327 100.439 100.477 100.408 100.3 100.441 100.591 100.298 100.305 100.33 100.37 100.657 100.382 100.343 100.275 100.653 100.333 100.645 100.208 100.535 100.597 100.384 100.342 100.333 100.41 100.558 100.317 100.54 100.568 100.435


# name: req35res25_25ms
# type: matrix
# rows: 1
# columns: 73
 137.626 137.789 138.097 137.649 137.625 137.511 137.759 137.992 137.779 137.778 137.641 137.691 137.954 137.769 137.415 137.759 137.619 137.501 137.552 137.59 137.838 137.804 137.83 137.594 138.433 137.542 137.975 137.805 137.599 137.719 138.206 137.62 137.68 137.636 137.641 137.663 137.708 137.728 137.897 137.808 138.248 137.614 137.938 138.021 137.713 138.001 138.224 137.683 137.66 138.014 137.755 137.708 138.079 375.383 137.862 138.17 137.686 137.886 376.203 137.611 137.856 138.078 137.375 137.682 137.731 137.743 137.875 137.797 137.86 137.636 137.69 138.03 137.91


# name: req35res25_5ms
# type: matrix
# rows: 1
# columns: 40
 118.017 118.075 117.918 117.989 118.025 117.891 117.93 117.917 118.134 118.422 118.182 379.493 118.133 117.954 118.51 118.055 117.822 117.83 118.039 117.977 118.211 122.989 117.857 118.482 117.951 118.079 118.154 117.89 118.486 19.052 117.942 118.367 117.956 118.166 117.965 118.369 118.174 118.012 118.152 118.051


# name: req45res25_25ms
# type: matrix
# rows: 1
# columns: 72
 252.481 143.861 143.921 379.849 143.782 144.23 377.362 143.81 143.82 374.928 143.762 143.633 143.578 143.824 143.893 143.929 143.858 143.782 143.794 143.876 143.6 143.609 143.773 143.808 143.749 143.538 144.27 143.635 144.123 143.466 143.681 143.727 143.801 143.912 143.711 143.629 143.881 143.959 144.154 143.605 143.605 143.946 144.083 143.606 143.664 144.432 144.269 143.87 143.73 143.773 143.805 143.804 143.652 143.721 375.502 143.64 143.603 143.687 143.738 143.706 143.842 143.656 143.648 143.825 378.406 143.942 143.833 143.882 143.742 143.759 143.651 143.575


# name: req45res25_5ms
# type: matrix
# rows: 1
# columns: 59
 124.035 123.971 123.939 123.914 124.084 123.885 124.152 124.094 124.004 124.701 124.367 123.966 123.986 124.127 124.103 124.191 123.769 124.118 124.542 124.134 124.035 123.963 124.139 124.166 124.069 124.538 124.605 124.114 123.914 123.85 124.814 123.998 123.899 123.92 123.909 124.007 123.888 123.962 123.972 124.034 124.944 124.115 123.93 124.245 124.11 124.985 123.937 123.968 124.565 124.123 123.827 123.988 123.972 123.837 123.933 124.12 123.974 124.008 123.965


# name: req5res10_5ms
# type: matrix
# rows: 1
# columns: 97
 82.45099999999999 82.06 81.92 82.124 89.994 90.03400000000001 89.982 90.413 90.042 90.47499999999999 90.587 90.154 89.94799999999999 89.34999999999999 89.259 90.553 90.258 90.16800000000001 90.032 89.952 90.134 90.124 90.09999999999999 90.096 90.182 89.98399999999999 89.971 90.13500000000001 90.10899999999999 90.39700000000001 90.298 90.01900000000001 90.221 90.024 89.988 90.113 90.14700000000001 91.09699999999999 90.16 90.322 89.173 90.185 90.03400000000001 90.122 90.179 90.184 90.178 90.105 90.02200000000001 90.271 90.71299999999999 90.221 90.03400000000001 90.033 90.092 88.179 90.163 90.501 90.399 90.566 89.464 90.236 90.05 90.157 505.893 90.238 90.107 90.157 90.179 90.11799999999999 90.246 90.554 88.965 90.136 90.423 90.077 90.895 90.03400000000001 90.146 90.64400000000001 87.303 90.163 90.125 90.386 90.066 90.014 90.068 89.96299999999999 89.974 91.04600000000001 89.89400000000001 90.08 90.185 90.032 90.18899999999999 89.94499999999999 89.998


# name: req5res15_5ms
# type: matrix
# rows: 1
# columns: 54
 92.492 92.60899999999999 92.697 92.215 92.44199999999999 92.495 92.60899999999999 90.28700000000001 96.396 92.294 92.565 92.093 92.428 92.556 92.629 92.7 92.63500000000001 92.679 93.131 92.70099999999999 92.42 92.617 92.48399999999999 92.854 92.839 92.592 92.526 92.56 92.574 92.587 93.17700000000001 92.565 92.52500000000001 92.5 92.55200000000001 92.53100000000001 92.422 92.664 92.486 92.58 92.52200000000001 92.581 92.66800000000001 92.642 92.63 93.19 92.785 92.736 92.60299999999999 92.574 92.509 92.468 92.89700000000001 92.587


# name: req5res20_5ms
# type: matrix
# rows: 1
# columns: 36
 82.155 82.081 82.04300000000001 95.82899999999999 95.83 95.586 95.869 95.777 95.90600000000001 95.96899999999999 95.82899999999999 95.736 95.92 96.001 95.926 95.751 95.84 95.803 95.81399999999999 95.944 95.816 96.127 94.77800000000001 94.494 95.98099999999999 95.071 96.226 95.97499999999999 95.87 95.84 95.849 95.932 96.04300000000001 95.96299999999999 95.905 95.84999999999999


# name: req5res25_25ms
# type: matrix
# rows: 1
# columns: 69
 101.979 101.468 118.086 118.016 118.286 118.773 118.145 118.088 118.193 118.183 117.705 117.939 118.167 117.965 117.939 118.309 118.046 118.468 118.185 118.165 118.002 118.04 118.03 118.06 118.411 118.398 118.034 117.938 118.396 118.013 118.112 118.207 118.635 118.336 118.081 117.909 118.217 117.953 118.428 118.152 118.258 118.195 117.999 118.157 118.062 118.004 117.892 118.124 118.244 117.903 118.109 118.082 117.977 118.271 118.213 118.32 118.069 118.21 118.002 118.12 118.127 117.819 117.955 118.92 118.212 118.148 118.031 118.726 118.162


# name: req5res25_5ms
# type: matrix
# rows: 1
# columns: 79
 98.59 98.128 98.31999999999999 98.238 97.88800000000001 98.30200000000001 98.334 98.358 97.48 98.27500000000001 98.30800000000001 98.264 98.706 98.465 99.408 98.73099999999999 98.60299999999999 99.735 98.547 98.43300000000001 98.372 97.758 98.52200000000001 98.51900000000001 98.651 98.212 98.639 98.22499999999999 99.113 97.538 98.374 98.44199999999999 98.38800000000001 98.455 98.363 98.453 98.44799999999999 98.246 98.343 98.48099999999999 98.456 98.881 99.29000000000001 98.468 98.96299999999999 98.377 98.363 98.40900000000001 128.808 98.836 98.581 98.34 98.40000000000001 98.26900000000001 98.389 98.205 98.32599999999999 98.392 96.36199999999999 97.123 98.848 98.907 98.431 98.39400000000001 98.28 98.273 98.645 98.271 98.306 98.46899999999999 98.61 98.38500000000001 98.54600000000001 98.367 98.63 98.346 98.279 98.45699999999999 98.386


# name: req5res30_5ms
# type: matrix
# rows: 1
# columns: 55
 100.861 100.713 100.92 100.742 100.648 100.946 100.925 100.924 100.875 100.647 100.849 101.314 100.906 100.723 100.958 100.754 100.696 100.88 100.806 100.973 100.949 100.692 101.456 101.059 100.938 100.909 101.012 100.726 100.674 100.826 100.745 100.762 100.706 100.739 100.833 101.344 100.92 100.699 100.929 100.755 100.89 100.757 100.785 101.201 100.759 100.887 100.938 100.848 100.91 100.8 92.89700000000001 101.011 100.77 98.892 97.602


# name: req5res35_5ms
# type: matrix
# rows: 1
# columns: 60
 103.895 104.15 104.183 104.233 104.143 104.27 104.27 104.122 103.47 104.028 104.287 103.855 104.326 104.28 104.179 103.995 104.01 104.232 104.326 104.24 104.281 104.253 104.122 104.239 104.477 104.19 104.131 104.113 104.168 104.259 104.197 104.229 104.484 104.077 104.066 104.084 104.115 104.302 104.118 104.126 104.232 104.137 103.969 104.158 104.816 104.234 104.437 103.893 103.815 104.142 104.182 104.34 257.582 104.117 105.285 104.671 104.205 103.874 104.506 104.344


# name: req5res40_5ms
# type: matrix
# rows: 1
# columns: 38
 106.237 106.954 106.82 106.63 106.74 107.146 106.446 105.767 106.97 106.526 106.684 106.809 107.23 106.416 106.098 107.235 106.572 106.543 106.863 106.736 106.795 105.513 106.737 106.642 106.745 106.636 106.544 106.748 106.679 106.792 381.726 106.591 106.776 106.656 106.894 106.6 107.37 106.853


# name: req5res45_5ms
# type: matrix
# rows: 1
# columns: 74
 109.209 109.034 109.171 109.252 109.364 109.146 109.412 110.81 109.695 109.208 110.368 109.128 109.088 109.389 109.386 109.439 109.369 109.131 109.356 108.923 108.85 103.591 109.41 108.028 108.021 109.107 109.179 108.941 109.305 109.219 109.159 109.376 109.261 109.381 109.159 109.368 109.749 109.561 109.443 109.102 109.268 109.159 109.077 109.548 109.234 109.085 109.736 109.497 109.21 108.838 108.977 109.255 109.21 109.236 108.945 109.136 109.62 109.032 109.233 109.417 109.324 109.086 109.241 109.13 109.515 109.647 109.295 109.173 109.233 108.928 107.793 109.001 109.202 109.374


# name: req5res5_5ms
# type: matrix
# rows: 1
# columns: 44
 83.209 87.377 87.66200000000001 87.867 87.143 87.61 87.542 87.387 87.71899999999999 87.699 87.711 87.721 87.322 87.589 87.51300000000001 87.265 87.45699999999999 87.44199999999999 87.90000000000001 87.762 87.59999999999999 89.235 87.53100000000001 87.598 87.496 87.892 87.54300000000001 88.22499999999999 87.566 87.685 87.55500000000001 87.714 87.56999999999999 87.724 87.327 87.748 87.509 87.88 87.336 87.29000000000001 87.673 87.771 88.09 87.508


# name: s25
# type: matrix
# rows: 1
# columns: 4
 0.9783555107201385 135.603408988322 1.014009510169611e-05 0.07426111620370197


# name: s5
# type: matrix
# rows: 1
# columns: 4
 0.9704850128579776 115.0838226240259 4.417220654917564e-06 0.08741456071428522


# name: tA
# type: scalar
24.658203125


# name: tP
# type: scalar
113.168


# name: tR
# type: scalar
137.759


# name: tmp
# type: matrix
# rows: 18
# columns: 6
 5 25 98.392 97.02800000000001 4.8828125 3.51881250000001
 15 25 104.357 102.408 4.8828125 2.933812500000002
 25 5 100.4255 95.02800000000001 4.8828125 -0.5146874999999937
 25 15 105.433 101.408 4.8828125 0.8578125000000085
 25 25 111.3295 107.788 4.8828125 1.341312500000015
 25 35 117.1 114.168 4.8828125 1.950812500000012
 25 45 122.089 120.548 4.8828125 3.341812500000003
 35 25 118.045 113.168 4.8828125 0.005812500000004661
 45 25 124.008 118.548 4.8828125 -0.5771874999999795
 5 25 118.12 97.02800000000001 24.658203125 3.566203125000001
 15 25 124.262 102.408 24.658203125 2.804203125000001
 25 5 120.22 95.02800000000001 24.658203125 -0.5337968749999931
 25 15 125.2395 101.408 24.658203125 0.826703125000023
 25 25 131.08 107.788 24.658203125 1.366203124999998
 25 35 136.862 114.168 24.658203125 1.964203125000012
 25 45 141.8575 120.548 24.658203125 3.348703124999986
 35 25 137.759 113.168 24.658203125 0.06720312500002024
 45 25 143.7975 118.548 24.658203125 -0.5912968749999976


